1,1010001119580,12,0,2022-10-31,2022-10-26,"株式会社エース",,301,"東京都","大田区","山王４丁目２０番１６号",,13,111,1430023,,,,,,,2015-10-05,1,,,,,"エース",0
2,1010001135751,12,0,2022-10-31,2022-10-27,"株式会社ＴＫ開発",,301,"東京都","江東区","豊洲１丁目２番３３号",,13,108,1350061,,,,,,,2015-10-05,1,,,,,"ティーケーカイハツ",0
3,1010001148984,01,1,2022-10-31,2015-10-05,"パラボーラ株式会社",,301,"東京都","文京区","湯島３丁目２番１２号",,13,105,1130034,,,,,,,2015-10-05,1,,,,,"パラボーラ",0
4,1010001213094,01,1,2022-10-31,2020-10-19,"株式会社リワイア",,301,"東京都","文京区","湯島３丁目１９番１１号",,13,105,1130034,,,,,,,2020-10-19,1,,,,,,0
5,1010001220933,12,0,2022-10-31,2022-10-20,"株式会社ＦＡＮＴＡＳＩＡ",,301,"東京都","文京区","湯島３丁目３１番５号",,13,105,1130034,,,,,,,2021-09-10,1,,,,,"ファンタジア",0
6,1010003016553,12,0,2022-10-31,2022-10-13,"Ｕｎｄｅｒ　Ａｒｍｏｕｒ　Ｊａｐａｎ合同会社",,305,"東京都","港区","赤坂１丁目１１番４４号赤坂インターシティ５階Ｍａｚａｒｓ・Ｊａｐａｎ株式会社内",,13,103,1070052,,,,,,,2015-10-05,1,,,,,"アンダーアーマージャパン",0
7,1010003027419,12,0,2022-10-31,2022-10-26,"グレンウッド合同会社",,305,"東京都","大田区","田園調布３丁目９番１４号ＤＥＮＥＮ・ＤＵＰＬＥＸ・Ａ棟２",,13,111,1450071,,,,,,,2018-04-26,1,,,,,"グレンウッド",0
8,1010005023531,21,0,2022-10-31,2022-10-28,"一般社団法人飯能水と緑の連携推進機構",,399,"東京都","千代田区","丸の内３丁目１番１号東京共同会計事務所内",,13,101,1000005,,,2022-10-28,01,,,2015-10-05,1,,,,,"ハンノウミズトミドリノレンケイスイシンキコウ",0
9,1010005035725,01,0,2022-10-31,2022-10-31,"一般社団法人オルタナ１９",,399,"東京都","千代田区","丸の内３丁目１番１号東京共同会計事務所内",,13,101,1000005,,,,,,,2022-10-31,1,,,,,"オルタナナインティーン",0
10,1010401051326,01,1,2022-10-31,2015-10-05,"株式会社ウエストブルック・ジャパン",,301,"東京都","港区","芝公園１丁目３番１２号",,13,103,1050011,,,,,,,2015-10-05,1,,,,,"ウエストブルックジャパン",0
11,1010401056903,12,0,2022-10-31,2022-10-27,"エシェロン・ジャパン株式会社",,301,"東京都","江東区","豊洲３丁目２番２４号豊洲フォレシア１１階",,13,108,1350061,,,,,,,2015-10-05,1,,,,,"エシェロンジャパン",0
12,1010401104463,01,1,2022-10-31,2015-10-05,"株式会社クオリス",,301,"東京都","港区","虎ノ門３丁目１８番１３号",,13,103,1050001,,,,,,,2015-10-05,1,,,,,"クオリス",0
13,1010401122498,01,1,2022-10-31,2016-01-13,"アップルベリー・ネットワークス株式会社",,301,"東京都","港区","芝大門１丁目１０番１１号芝大門センタービル１０Ｆ",,13,103,1050012,,,,,,,2016-01-13,1,,,,,"アップルベリーネットワークス",0
14,1010402013176,21,0,2022-10-31,2022-10-12,"有限会社山盛",,302,"東京都","港区","北青山３丁目１０番１３号",,13,103,1070061,,,2022-10-12,01,,,2015-10-05,1,,,,,"ヤマセイ",0
15,1010403020329,11,0,2022-10-31,2022-10-07,"Ｍｅｎｄｏｆｆ株式会社",,301,"東京都","港区","浜松町２丁目５－２田中ビル４階",,13,103,1050013,,,,,,,2019-03-08,1,,,,,"メンドオフ",0
16,1010403026895,12,0,2022-10-31,2022-10-27,"合同会社Ｓｅｉｂｕｎｄｏ",,305,"東京都","中央区","銀座１丁目１２番４号Ｎ＆ＥＢＬＤ．７Ｆ",,13,102,1040061,,,,,,,2022-01-18,1,,,,,"セイブンドウ",0
17,1010405004791,12,0,2022-10-31,2022-10-12,"一般社団法人新竜土私道協会",,399,"東京都","港区","六本木７丁目２番２号",,13,103,1060032,,,,,,,2015-10-05,1,,,,,"シンリュウドシドウキョウカイ",0
18,1010405016259,21,0,2022-10-31,2022-10-13,"一般社団法人ＳＵＮ",,399,"東京都","港区","赤坂２丁目１１番７号ＡＴＴ新館１１階",,13,103,1070052,,,2022-10-13,01,,,2017-11-27,1,,,,,"サン",0
19,1010503005378,12,0,2022-10-31,2022-10-28,"合同会社グリップグラップ",,305,"東京都","台東区","下谷１丁目１１－１５ソレイユ入谷２Ｆｒｅｂｏｏｔ内",,13,106,1100004,,,,,,,2018-08-27,1,,,,,"グリップグラップ",0
20,1010503005683,11,0,2022-10-31,2022-10-28,"柴田商事合名会社",,303,"東京都","台東区","千束４丁目４２番１０号",,13,106,1110031,,,,,,,2019-08-27,1,,,,,,0
21,1010505003355,01,0,2022-10-31,2022-10-31,"一般社団法人メグ",,399,"東京都","台東区","雷門２丁目１９番１４号ユーフォート浅草雷門９０５",,13,106,1110034,,,,,,,2022-10-31,1,,,,,"メグ",0
22,1010601060267,12,0,2022-10-31,2022-10-27,"株式会社ｆｒｅｅ　ｆｒｅｅｚｅ",,301,"東京都","目黒区","青葉台３丁目１８番３号",,13,110,1530042,,,,,,,2021-11-24,1,,,,,"フリーフリーズ",0
23,1010701011954,12,0,2022-10-31,2022-10-27,"株式会社カプセルカンパニー",,301,"東京都","港区","虎ノ門４丁目１番９号",,13,103,1050001,,,,,,,2015-10-05,1,,,,,"カプセルカンパニー",0
24,1010701032042,12,0,2022-10-31,2022-10-12,"株式会社ジャパンコスメティックエージェンシー・東京",,301,"東京都","港区","港南３丁目６番２１号コスモポリス品川３３１１",,13,103,1080075,,,,,,,2016-02-18,1,,,,,,0
25,1010703006416,01,0,2022-10-31,2022-10-31,"合同会社ＴＡＢＢＹ　ＬＡＢＯＳ",,305,"東京都","品川区","大井２丁目３番２０号５０３号室",,13,109,1400014,,,,,,,2022-10-31,1,,,,,"タビーラボ",0
26,1010801033394,01,0,2022-10-31,2022-10-31,"株式会社ＨＩＫＡＲＩ　ＷＯＲＫＳ",,301,"東京都","大田区","大森中２丁目２番１４号２Ｆ",,13,111,1430014,,,,,,,2022-10-31,1,,,,,"ヒカリワークス",0
27,1010803000764,11,0,2022-10-31,2022-10-19,"大唱堂合名会社",,303,"東京都","大田区","新蒲田１丁目６番６号",,13,111,1440054,,,,,,,2015-10-05,1,,,,,"タイショウドウ",0
28,1010901028170,12,0,2022-10-31,2022-10-26,"株式会社サイバーカルテル",,301,"東京都","西東京市","向台町４丁目２０番１３号",,13,229,1880013,,,,,,,2015-10-05,1,,,,,"サイバーカルテル",0
29,1010901051866,01,0,2022-10-31,2022-10-31,"株式会社インフォミティ",,301,"東京都","世田谷区","祖師谷５丁目３１番２３号",,13,112,1570072,,,,,,,2022-10-31,1,,,,,"インフォミティ",0
30,1011001002933,01,1,2022-10-31,2015-10-05,"株式会社ウィズプランニング",,301,"東京都","渋谷区","恵比寿４丁目１番２２号",,13,113,1500013,,,,,,,2015-10-05,1,,,,,"ウィズプランニング",0
31,1011001056698,01,1,2022-10-31,2015-10-05,"株式会社ＺＥＯＮ　Ｉｎｖｅｓｔｍｅｎｔ　Ｃｏｒｐｏｒａｔｉｏｎ",,301,"東京都","目黒区","自由が丘２丁目２２番２０号",,13,110,1520035,,,,,,,2015-10-05,1,,,,,"ジオンインベストメントコーポレーション",0
32,1011001066458,01,1,2022-10-31,2015-10-05,"株式会社ファンタレスト",,301,"東京都","新宿区","天神町６３番地",,13,104,1620808,,,,,,,2015-10-05,1,,,,,"ファンタレスト",0
33,1011001067555,01,1,2022-10-31,2015-10-05,"ピクスタ株式会社",,301,"東京都","渋谷区","渋谷３丁目１１番１１号",,13,113,1500002,,,,,,,2015-10-05,0,"PIXTA Inc.",,,,"ピクスタ",0
34,1011001067555,12,1,2022-10-31,2016-12-28,"ピクスタ株式会社",,301,"東京都","渋谷区","渋谷２丁目１２番１９号",,13,113,1500002,,,,,,,2015-10-05,0,"PIXTA Inc.",,,,"ピクスタ",0
35,1011001067555,12,1,2022-10-31,2021-02-08,"ピクスタ株式会社",,301,"東京都","渋谷区","渋谷３丁目３番５号",,13,113,1500002,,,,,,,2015-10-05,1,"PIXTA Inc.","Tokyo","7F, NBF Shibuya east, 3-3-5, Shibuya, Shibuya ku",,"ピクスタ",0
36,1011001102683,01,1,2022-10-31,2015-10-05,"株式会社ＷＯＯＦＯＯ",,301,"東京都","目黒区","目黒２丁目１１番３号",,13,110,1530063,,,,,,,2015-10-05,0,,,,,"ウーフー",0
37,1011001102683,12,1,2022-10-31,2016-08-12,"株式会社ＷＯＯＦＯＯ",,301,"東京都","目黒区","目黒１丁目４番１６号",,13,110,1530063,,,,,,,2015-10-05,1,,,,,"ウーフー",0
38,1011001134355,12,0,2022-10-31,2022-10-21,"株式会社Ｌ　Ｍｅｄｉｃａｌ",,301,"東京都","目黒区","下目黒１丁目８番１号",,13,110,1530064,,,,,,,2020-06-18,1,,,,,"エルメディカル",0
39,1011002007774,01,1,2022-10-31,2015-10-05,"有限会社田中建設",,302,"東京都","渋谷区","神泉町１２番１３号",,13,113,1500045,,,,,,,2015-10-05,1,,,,,"タナカケンセツ",0
40,1011003005819,21,0,2022-10-31,2022-10-17,"湘南リアルティ合同会社",,305,"東京都","渋谷区","鉢山町１０番１２号",,13,113,1500035,,,2022-10-17,11,8011003005886,"令和４年１０月１０日東京都渋谷区鉢山町１０番１２号高千穂キャピタル合同会社（8011003005886）に合併し解散",2015-10-05,1,,,,,"ショウナンリアルティ",0
41,1011101004078,11,0,2022-10-31,2022-10-17,"株式会社もっとｄｅｓｉｇｎ",,301,"東京都","渋谷区","本町３丁目４３番４号エース渋谷本町ビル２０２号",,13,113,1510071,,,,,,,2015-10-05,1,,,,,"モットデザイン",0
42,1011101091604,12,0,2022-10-31,2022-10-26,"株式会社ニットー・サポート",,301,"東京都","新宿区","愛住町２３番地１",,13,104,1600005,,,,,,,2020-06-19,0,,,,,"ニットーサポート",0
43,1011101091604,11,0,2022-10-31,2022-10-26,"株式会社ＧＯ　ＯＮＥ",,301,"東京都","新宿区","愛住町２３番地１",,13,104,1600005,,,,,,,2020-06-19,1,,,,,"ゴーワン",0
44,1011101092362,12,0,2022-10-31,2022-10-28,"ワイズコーポレーション株式会社",,301,"東京都","新宿区","西新宿３丁目３番１３号西新宿水間ビル６階",,13,104,1600023,,,,,,,2020-09-01,1,,,,,"ワイズコーポレーション",0
45,1011101100686,01,0,2022-10-31,2022-10-31,"株式会社ランドリーｄｅｌｔａ",,301,"東京都","新宿区","神楽坂３丁目４番地神楽坂山本ビル６階",,13,104,1620825,,,,,,,2022-10-31,1,,,,,"ランドリーデルタ",0
46,1011103007913,21,0,2022-10-31,2022-10-26,"ｅ－ｓｈｕｕ合同会社",,305,"東京都","練馬区","土支田２丁目４番１４号オークヴィラ３０７",,13,120,1790076,,,2022-10-26,01,,,2018-05-17,1,,,,,"イーシュー",0
47,1011105010205,11,0,2022-10-31,2022-10-25,"ＬＲＦ２ホールディングス一般社団法人",,399,"東京都","新宿区","四谷２丁目９番地１５東京ユナイテッド綜合事務所内",,13,104,1600004,,,,,,,2022-03-28,1,,,,,"エルアールエフツーホールディングス",0
48,1011203003812,12,0,2022-10-31,2022-10-25,"合同会社リープレイ",,305,"東京都","中野区","鷺宮２丁目１０番７号",,13,114,1650032,,,,,,,2022-05-10,1,,,,,"リープレイ",0
49,1011301002113,01,1,2022-10-31,2015-10-05,"グラフィティジャパン株式会社",,301,"東京都","杉並区","高円寺北２丁目１番２２号",,13,115,1660002,,,,,,,2015-10-05,0,,,,,"グラフィティジャパン",0
50,1011301002113,12,1,2022-10-31,2016-03-29,"グラフィティジャパン株式会社",,301,"東京都","中央区","日本橋蛎殻町１丁目３５番２号",,13,102,1030014,,,,,,,2015-10-05,1,,,,,"グラフィティジャパン",0
51,1011301019545,01,1,2022-10-31,2015-10-05,"株式会社ユテラス住設",,301,"東京都","杉並区","阿佐谷南３丁目４９－７",,13,115,1660004,,,,,,,2015-10-05,1,,,,,"ユテラスジュウセツ",0
52,1011303004561,01,0,2022-10-31,2022-10-31,"合同会社Ｃ．Ｋ．Ｂｒｉｇｈｔｏｎ",,305,"東京都","杉並区","久我山４丁目４３番２４号ヴェール久我山３１４",,13,115,1680082,,,,,,,2022-10-31,1,,,,,,0
53,1011401001147,01,1,2022-10-31,2015-10-05,"大橋マネジメントセンター株式会社",,301,"東京都","板橋区","小豆沢４丁目１１番１８号",,13,119,1740051,,,,,,,2015-10-05,1,,,,,"オオハシマネジメントセンター",0
54,1011401019338,01,1,2022-10-31,2016-03-28,"株式会社百先堂",,301,"東京都","板橋区","板橋４丁目３９番１０号",,13,119,1730004,,,,,,,2016-03-28,1,,,,,"ヒャクセンドウ",0
55,1011501028602,01,0,2022-10-31,2022-10-31,"株式会社ディベロップメントＲＳＪ",,301,"東京都","北区","西が丘１丁目４１－１６星野荘３号室",,13,117,1150056,,,,,,,2022-10-31,1,,,,,"ディベロップメントアールエスジェー",0
56,1011501028610,01,0,2022-10-31,2022-10-31,"株式会社イズベスト",,301,"東京都","北区","浮間４丁目１９番２７－３０４号メイツ浮間舟渡",,13,117,1150051,,,,,,,2022-10-31,1,,,,,"イズベスト",0
57,1011503004626,11,0,2022-10-31,2022-10-11,"合同会社ＣＨＯＪＵ",,305,"東京都","荒川区","東日暮里４丁目３５番８号ソアーヴェ日暮里５０２",,13,118,1160014,,,,,,,2021-01-05,1,,,,,"チョウジュ",0
58,1011801041478,01,0,2022-10-31,2022-10-31,"アール＆エス人材開発株式会社",,301,"東京都","足立区","中川４丁目８番１号",,13,121,1200002,,,,,,,2022-10-31,1,,,,,"アールアンドエスジンザイカイハツ",0
59,1011801041486,01,0,2022-10-31,2022-10-31,"アサヒドー不動産株式会社",,301,"東京都","足立区","江北３丁目２３番１号",,13,121,1230872,,,,,,,2022-10-31,1,,,,,"アサヒドーフドウサン",0
60,1011802000078,01,1,2022-10-31,2015-10-05,"有限会社アーキテック",,302,"東京都","葛飾区","鎌倉３丁目４６番１８号",,13,122,1250053,,,,,,,2015-10-05,1,,,,,"アーキテック",0
61,1011802008014,12,0,2022-10-31,2022-10-25,"有限会社山内典礼本店",,302,"東京都","葛飾区","青戸４丁目２５番１３号",,13,122,1250062,,,,,,,2015-10-05,1,,,,,"ヤマウチテンレイホンテン",0
62,1011802010647,01,1,2022-10-31,2015-10-05,"有限会社大出電鍍工業所",,302,"東京都","足立区","関原２丁目１番５号",,13,121,1230852,,,,,,,2015-10-05,1,,,,,"オオデデントコウギョウショ",0
63,1011802012643,01,1,2022-10-31,2015-10-05,"有限会社コスモリース",,302,"東京都","足立区","大谷田５丁目１５番６号",,13,121,1200001,,,,,,,2015-10-05,1,,,,,"コスモリース",0
64,1012401008685,01,1,2022-10-31,2015-10-05,"株式会社武蔵野保険センター",,301,"東京都","調布市","布田３丁目２９番地１４",,13,208,1820024,,,,,,,2015-10-05,1,,,,,"ムサシノホケンセンター",0
65,1012401020137,12,0,2022-10-31,2022-10-26,"株式会社フェニックス",,301,"福島県","郡山市","大槻町字仙海東９番地２",,07,203,9630201,,,,,,,2015-10-05,1,,,,,"フェニックス",0
66,1012401023321,01,1,2022-10-31,2015-10-05,"株式会社あおいハウジング",,301,"東京都","府中市","北山町２丁目２８番２２号",,13,206,1830041,,,,,,,2015-10-05,1,,,,,"アオイハウジング",0
67,1012402000278,21,0,2022-10-31,2022-10-26,"有限会社泉商事",,302,"東京都","府中市","矢崎町４丁目１番地",,13,206,1830025,,,2022-10-26,01,,,2015-10-05,1,,,,,"イズミショウジ",0
68,1012402018196,01,1,2022-10-31,2015-10-05,"有限会社明日夢",,302,"東京都","三鷹市","井の頭１丁目２７番２８号",,13,204,1810001,,,,,,,2015-10-05,1,,,,,"アスム",0
69,1013202014369,01,1,2022-10-31,2015-10-05,"有限会社アプリシェイト",,302,"東京都","目黒区","青葉台１丁目６番４－４０３号",,13,110,1530042,,,,,,,2015-10-05,1,,,,,"アプリシェイト",0
70,1013301025052,12,0,2022-10-31,2022-10-27,"株式会社ＲｉＥｘ",,301,"東京都","文京区","本駒込６丁目１５番２０－１００１号",,13,105,1130021,,,,,,,2015-10-05,1,,,,,"リエックス",0
71,1013301031406,21,0,2022-10-31,2022-10-24,"株式会社ＫＥＩＳ",,301,"茨城県","那珂郡東海村","大字村松１４０番地８",,08,341,3191112,,,2022-10-24,01,,,2015-10-05,1,,,,,,0
72,1013301033030,01,1,2022-10-31,2015-10-05,"株式会社ワークブレイン",,301,"東京都","豊島区","南池袋２丁目２９番１６－６０４号",,13,116,1710022,,,,,,,2015-10-05,0,,,,,"ワークブレイン",0
73,1013301033030,12,1,2022-10-31,2015-12-02,"株式会社ワークブレイン",,301,"東京都","豊島区","南池袋２丁目８番５－２号",,13,116,1710022,,,,,,,2015-10-05,1,,,,,"ワークブレイン",0
74,1020001038383,12,0,2022-10-31,2022-10-25,"株式会社エドベック",,301,"神奈川県","横浜市西区","みなとみらい２丁目２番１号ランドマークプラザ５階",,14,103,2200012,,,,,,,2015-10-05,1,,,,,"エドベック",0
75,1020001096761,12,0,2022-10-31,2022-10-24,"株式会社ベイ・プラン",,301,"神奈川県","横浜市中区","日ノ出町２丁目１６１番地－１０５",,14,104,2310066,,,,,,,2015-10-05,1,,,,,"ベイプラン",0
76,1020001140255,21,0,2022-10-31,2022-10-24,"株式会社ブリエ",,301,"神奈川県","横浜市瀬谷区","五貫目町１０番地６８",,14,114,2460008,,,2022-10-24,01,,,2021-03-08,1,,,,,"ブリエ",0
77,1020001148728,01,0,2022-10-31,2022-10-31,"株式会社ボニータ",,301,"神奈川県","横浜市磯子区","磯子台２６番１号",,14,107,2350019,,,,,,,2022-10-31,1,,,,,"ボニータ",0
78,1020001148736,01,0,2022-10-31,2022-10-31,"株式会社アップストーンホールディングス",,301,"神奈川県","横浜市中区","住吉町２丁目２１番１号フレックスタワー横浜関内５０１号室",,14,104,2310013,,,,,,,2022-10-31,1,,,,,"アップストーンホールディングス",0
79,1020001148744,01,0,2022-10-31,2022-10-31,"株式会社ａｃアドバイザリー",,301,"神奈川県","横浜市港北区","新吉田東８丁目４１番２０－６１３号",,14,109,2230058,,,,,,,2022-10-31,1,,,,,"エーシーアドバイザリー",0
80,1020002013105,01,1,2022-10-31,2015-10-05,"有限会社ヤノハラサイクル",,302,"神奈川県","横浜市戸塚区","戸塚町４７４番地４",,14,110,2440003,,,,,,,2015-10-05,1,,,,,"ヤノハラサイクル",0
81,1020002061392,01,1,2022-10-31,2015-10-05,"有限会社神島空調",,302,"神奈川県","横浜市栄区","元大橋１丁目５番２１号",,14,115,2470011,,,,,,,2015-10-05,1,,,,,"カミシマクウチョウ",0
82,1020003014176,71,0,2022-10-31,2022-10-18,"株式会社ｙｕｔｏｒｉ",,301,"東京都","世田谷区","北沢２丁目５番２号",,13,112,1550031,,,,,,"令和４年１０月１日東京都渋谷区神宮前４－３２－１２ニューウェイブ原宿２Ｆ株式会社Ａ．Ｚ．Ｒ（3010901045998）を合併",2018-04-10,1,,,,,"ユトリ",0
83,1020003022633,01,0,2022-10-31,2022-10-31,"ＳＭＢＰ合同会社",,305,"神奈川県","川崎市幸区","幸町３丁目５４７番地１グレイスガーデン多摩川６０３",,14,132,2120011,,,,,,,2022-10-31,1,,,,,,0
84,1021001005836,12,0,2022-10-31,2022-10-19,"株式会社エフイーエヌ",,301,"東京都","渋谷区","代々木３丁目１５番１号２０１号室",,13,113,1510053,,,,,,,2015-10-05,1,,,,,"エフイーエヌ",0
85,1021001044371,01,1,2022-10-31,2015-10-05,"株式会社アン",,301,"神奈川県","横須賀市","小原台５５番１４号",,14,201,2390812,,,,,,,2015-10-05,1,,,,,"アン",0
86,1021001054296,01,1,2022-10-31,2015-10-05,"株式会社アット・ピース・アーキテクツ",,301,"神奈川県","鎌倉市","鎌倉山２丁目１８番１６号",,14,204,2480031,,,,,,,2015-10-05,0,,,,,,0
87,1021001054296,12,1,2022-10-31,2021-05-27,"株式会社アット・ピース・アーキテクツ",,301,"東京都","中央区","日本橋本町１丁目２番５号本町会館ビル５階Ａ室",,13,102,1030023,,,,,,,2015-10-05,0,,,,,,0
88,1021001054296,12,0,2022-10-31,2022-10-26,"株式会社アット・ピース・アーキテクツ",,301,"神奈川県","鎌倉市","鎌倉山２丁目１８番１６号",,14,204,2480031,,,,,,,2015-10-05,1,,,,,,0
89,1021001077272,01,0,2022-10-31,2022-10-31,"アルティザン株式会社",,301,"神奈川県","横須賀市","若松町１丁目１２小瀬村若松ビル４０１",,14,201,2380007,,,,,,,2022-10-31,1,,,,,"アルティザン",0
90,1021001077314,01,0,2022-10-31,2022-10-31,"株式会社ＬｏｖｅＵ",,301,"神奈川県","相模原市中央区","上溝１８６３番地２５",,14,152,2520243,,,,,,,2022-10-31,1,,,,,"ラブユー",0
91,1021001077322,01,0,2022-10-31,2022-10-31,"株式会社シャルピネ",,301,"神奈川県","高座郡寒川町","宮山３６０５番地",,14,321,2530106,,,,,,,2022-10-31,1,,,,,"シャルピネ",0
92,1021002020388,21,0,2022-10-31,2022-10-25,"有限会社相模安田",,302,"神奈川県","相模原市中央区","氷川町１３番８号佐藤ビルＢ",,14,152,2520215,,,2022-10-25,01,,,2015-10-05,1,,,,,"サガミヤスダ",0
93,1030001058075,01,1,2022-10-31,2015-10-05,"株式会社トレランス・コーポレーション",,301,"埼玉県","川越市","霞ケ関北２丁目２番地１３",,11,201,3501109,,,,,,,2015-10-05,1,,,,,"トレランスコーポレーション",0
94,1030001067588,01,1,2022-10-31,2015-10-05,"株式会社丸久晃立",,301,"埼玉県","越谷市","大字大里７１番地２８",,11,222,3430031,,,,,,,2015-10-05,1,,,,,"マルキュウコウリツ",0
95,1030001081218,01,1,2022-10-31,2015-10-05,"ＪＭＣ産業株式会社",,301,"埼玉県","川口市","本町３丁目１０番２０号カーサ川口本町５０５",,11,203,3320012,,,,,,,2015-10-05,1,,,,,"ジェイエムシーサンギョウ",0
96,1030001092719,21,0,2022-10-31,2022-10-20,"株式会社ハタナカ",,301,"埼玉県","所沢市","東所沢３丁目５番地１５",,11,208,3590021,,,2022-10-20,01,,,2015-10-05,1,,,,,"ハタナカ",0
97,1030001109869,01,1,2022-10-31,2015-10-05,"株式会社前里",,301,"埼玉県","春日部市","下柳８８３番地１",,11,214,3440122,,,,,,,2015-10-05,1,,,,,"マエサト",0
98,1030001133357,12,0,2022-10-31,2022-10-19,"コーモラント株式会社",,301,"埼玉県","日高市","大字原宿７３番地１５",,11,242,3501205,,,,,,,2019-10-18,1,,,,,"コーモラント",0
99,1030001150749,01,0,2022-10-31,2022-10-31,"株式会社レオナコーポレーション",,301,"埼玉県","越谷市","東大沢２丁目４番地１７",,11,222,3430022,,,,,,,2022-10-31,1,,,,,"レオナコーポレーション",0
100,1030001150765,01,0,2022-10-31,2022-10-31,"株式会社ジェイエスプラン",,301,"埼玉県","久喜市","菖蒲町菖蒲５０１３番地１３６",,11,232,3460106,,,,,,,2022-10-31,1,,,,,,0
101,1030001150773,01,0,2022-10-31,2022-10-31,"株式会社リブコンテンツ",,301,"埼玉県","川越市","南台２丁目６番地１４第２原ビル１０１号室",,11,201,3501165,,,,,,,2022-10-31,1,,,,,"リブコンテンツ",0
102,1030001150807,01,0,2022-10-31,2022-10-31,"株式会社オプチカルジャパン",,301,"埼玉県","坂戸市","柳町１番１号",,11,239,3500216,,,,,,,2022-10-31,1,,,,,"オプチカルジャパン",0
103,1030002104844,01,1,2022-10-31,2015-10-05,"株式会社丹野製作所",,301,"埼玉県","草加市","青柳６丁目６２番２６号",,11,221,3400002,,,,,,,2015-10-05,1,,,,,"タンノセイサクショ",0
104,1030003018812,12,0,2022-10-31,2022-10-24,"合同会社ＤＯＭＥＥ",,305,"埼玉県","戸田市","下戸田２丁目１２番１９戸田パークヒルズ１０１号室",,11,224,3350011,,,,,,,2022-02-09,1,,,,,"ドミー",0
105,1030005018678,01,1,2022-10-31,2017-10-04,"一般社団法人パワーコーラス協会",,399,"埼玉県","さいたま市西区","大字西遊馬高木２０２１番地１７",,11,101,3310061,,,,,,,2017-10-04,0,,,,,"パワーコーラスキョウカイ",0
106,1030005018678,12,1,2022-10-31,2022-10-20,"一般社団法人パワーコーラス協会",,399,"埼玉県","さいたま市西区","大字宝来１３７８－３５",,11,101,3310074,,,,,,,2017-10-04,1,,,,,"パワーコーラスキョウカイ",0
107,1040001017939,01,1,2022-10-31,2015-10-05,"株式会社高橋電気工事",,301,"千葉県","船橋市","松が丘５丁目５番１３号",,12,204,2740064,,,,,,,2015-10-05,1,,,,,"タカハシデンキコウジ",0
108,1040001040346,01,1,2022-10-31,2015-10-05,"株式会社ノグケン",,301,"千葉県","松戸市","松戸新田１７番地の１１５",,12,207,2702241,,,,,,,2015-10-05,1,,,,,"ノグケン",0
109,1040001043530,01,1,2022-10-31,2015-10-05,"株式会社国際情報ネット",,301,"千葉県","印旛郡栄町","安食台３丁目３８番９号",,12,329,2701515,,,,,,,2015-10-05,0,,,,,"コクサイジョウホウネット",0
110,1040001043530,12,1,2022-10-31,2017-12-15,"株式会社国際情報ネット",,301,"千葉県","柏市","北柏４丁目１番地２",,12,217,2770832,,,,,,,2015-10-05,1,,,,,"コクサイジョウホウネット",0
111,1040001053389,01,1,2022-10-31,2015-10-05,"株式会社ＢＯＢ",,301,"千葉県","君津市","長石５３１番地１",,12,225,2921143,,,,,,,2015-10-05,1,,,,,"ビーオービー",0
112,1040001054552,01,1,2022-10-31,2015-10-05,"株式会社マイシティ",,301,"千葉県","市原市","辰巳台東３丁目１７番地１０",,12,219,2900003,,,,,,,2015-10-05,1,,,,,"マイシティ",0
113,1040001102410,21,0,2022-10-31,2022-10-24,"株式会社恵比寿",,301,"千葉県","柏市","戸張１０５９番地８",,12,217,2770008,,,2022-10-24,01,,,2017-11-08,1,,,,,,0
114,1040002017021,01,1,2022-10-31,2015-10-05,"有限会社アトム流通",,302,"千葉県","千葉市緑区","古市場町４３２番地６",,12,105,2660026,,,,,,,2015-10-05,0,,,,,,0
115,1040002017021,11,1,2022-10-31,2018-02-26,"有限会社エフ・アールロジ",,302,"千葉県","千葉市緑区","古市場町４３２番地６",,12,105,2660026,,,,,,,2015-10-05,1,,,,,"エフアールロジ",0
116,1040002036418,01,1,2022-10-31,2015-10-05,"有限会社フルヤ",,302,"千葉県","市川市","市川１丁目８番１０号",,12,203,2720034,,,,,,,2015-10-05,1,,,,,"フルヤ",0
117,1040002040840,01,1,2022-10-31,2015-10-05,"有限会社コトブキ印刷",,302,"千葉県","浦安市","東野２丁目３番１６号",,12,227,2790042,,,,,,,2015-10-05,1,,,,,"コトブキインサツ",0
118,1040002052423,21,0,2022-10-31,2022-10-24,"有限会社ミヤコ運転代行社",,302,"千葉県","流山市","名都借９９３番地の８",,12,220,2700145,,,2022-10-24,01,,,2015-10-05,1,,,,,"ミヤコウンテンダイコウシャ",0
119,1040003007260,01,1,2022-10-31,2015-10-05,"合同会社みどり",,305,"千葉県","野田市","中根６番地",,12,208,2780031,,,,,,,2015-10-05,1,,,,,"ミドリ",0
120,1040003021162,01,0,2022-10-31,2022-10-31,"合同会社オフィスＫＭＴ",,305,"千葉県","千葉市美浜区","真砂５丁目４番１３号",,12,106,2610011,,,,,,,2022-10-31,1,,,,,"オフィスケイエムティ",0
121,1040003021170,01,0,2022-10-31,2022-10-31,"合同会社灯知",,305,"千葉県","柏市","小青田５丁目１２番ＫＴプロムナードＡ棟１０２",,12,217,2770803,,,,,,,2022-10-31,1,,,,,"トウチ",0
122,1040005021796,01,0,2022-10-31,2022-10-31,"一般社団法人国府台相談支援事業所",,399,"千葉県","市川市","国府台５丁目２０番２３号",,12,203,2720827,,,,,,,2022-10-31,1,,,,,"コウノダイソウダンシエンジギョウショ",0
123,1050001013111,01,1,2022-10-31,2015-10-05,"四季彩建設株式会社",,301,"茨城県","石岡市","東石岡３丁目２番１２号",,08,205,3150037,,,,,,,2015-10-05,1,,,,,"シキサイケンセツ",0
124,1050001019042,01,1,2022-10-31,2015-10-05,"ヤチヨ設備株式会社",,301,"茨城県","古河市","尾崎３５６０番地の１",,08,204,3060101,,,,,,,2015-10-05,1,,,,,"ヤチヨセツビ",0
125,1050001037119,11,0,2022-10-31,2022-10-24,"株式会社にいかわ塗装",,301,"茨城県","土浦市","中高津２丁目４番３号",,08,203,3000815,,,,,,,2015-10-05,1,,,,,"ニイカワトソウ",0
126,1050002015718,01,1,2022-10-31,2015-10-05,"有限会社新田造園",,302,"茨城県","石岡市","碁石沢１０８６４番地",,08,205,3150010,,,,,,,2015-10-05,1,,,,,"ニッタゾウエン",0
127,1060001035393,01,0,2022-10-31,2022-10-31,"ＬＩＢＲＡＮＤＹ株式会社",,301,"栃木県","那須塩原市","太夫塚１丁目１９５番地渡辺住宅団地４号",,09,213,3292735,,,,,,,2022-10-31,1,,,,,"リブランディ",0
128,1060005006110,01,1,2022-10-31,2015-10-05,"特定非営利活動法人弱者救済サポートセンター",,399,"栃木県","栃木市","樋ノ口町１１番地４８",,09,203,3280024,,,,,,,2015-10-05,1,,,,,"ジャクシャキュウサイサポートセンター",0
129,1070001022036,01,1,2022-10-31,2015-10-05,"株式会社山幸",,301,"群馬県","邑楽郡板倉町","大字細谷３９３番地",,10,521,3740103,,,,,,,2015-10-05,0,,,,,"サンコウ",0
130,1070001022036,71,1,2022-10-31,2017-10-03,"株式会社山幸",,301,"群馬県","邑楽郡板倉町","大字細谷３９３番地",,10,521,3740103,,,,,,"平成２９年１０月１日群馬県館林市上早川田町４８５番地有限会社柏崎工業（4070002033228）を合併",2015-10-05,1,,,,,"サンコウ",0
131,1070001026730,12,0,2022-10-31,2022-10-26,"尊福株式会社",,301,"青森県","青森市","大字六枚橋字磯打４４番地２",,02,201,0301271,,,,,,,2015-10-05,1,,,,,"ソンフク",0
132,1070001039765,01,0,2022-10-31,2022-10-31,"株式会社博明",,301,"群馬県","太田市","新田市野井町１０６１番地５レディアンス太田１０５号",,10,205,3700314,,,,,,,2022-10-31,1,,,,,"ヒロアキ",0
133,1070002009263,12,0,2022-10-31,2022-10-27,"株式会社カインド",,301,"東京都","台東区","台東１丁目２４番６号",,13,106,1100016,,,,,,,2015-10-05,1,,,,,"カインド",0
134,1070002028800,21,0,2022-10-31,2022-10-19,"有限会社金成自動車",,302,"群馬県","邑楽郡千代田町","大字福島４５６番地の４",,10,523,3700501,,,2022-10-19,01,,,2015-10-05,1,,,,,"カナリジドウシャ",0
135,1080001003316,01,1,2022-10-31,2015-10-05,"中部機電サービス株式会社",,301,"静岡県","静岡市葵区","牧ケ谷２３２５番地",,22,101,4211221,,,,,,,2015-10-05,1,,,,,"チュウブキデンサービス",0
136,1080005001233,01,1,2022-10-31,2015-10-05,"医療法人社団昭府小児科クリニック",,399,"静岡県","静岡市葵区","昭府２丁目６番１６号",,22,101,4200871,,,,,,,2015-10-05,1,,,,,"ショウブショウニカクリニック",0
137,1080005007296,12,0,2022-10-31,2022-10-28,"一般社団法人グローバルスポーツアカデミー",,399,"静岡県","静岡市駿河区","聖一色３５７番地の１",,22,102,4228007,,,,,,,2020-08-03,1,,,,,"グローバルスポーツアカデミー",0
138,1080401014953,01,1,2022-10-31,2015-10-05,"堀内肥料株式会社",,301,"静岡県","菊川市","中内田２３５０番地の１",,22,224,4390036,,,,,,,2015-10-05,1,,,,,"ホリウチヒリョウ",0
139,1100001027980,21,0,2022-10-31,2022-10-26,"農業法人株式会社ＪＡ塩尻ファーム",,301,"長野県","塩尻市","大字広丘郷原１８１１番地１",,20,215,3990704,,,2022-10-26,01,,,2015-10-05,1,,,,,"ノウギョウホウジンジェイエイシオジリファーム",0
140,1110001026750,21,0,2022-10-31,2022-10-26,"株式会社日生電気",,301,"新潟県","魚沼市","中原１５８番地３",,15,225,9460024,,,2022-10-26,01,,,2015-10-05,1,,,,,"ニッセイデンキ",0
141,1110001028334,01,1,2022-10-31,2015-10-05,"株式会社グラーツィエ",,301,"新潟県","長岡市","関原町２丁目３７０番地",,15,202,9402035,,,,,,,2015-10-05,0,,,,,"グラーツィエ",0
142,1110001028334,21,0,2022-10-31,2022-10-27,"株式会社グラーツィエ",,301,"新潟県","長岡市","関原町２丁目３７０番地",,15,202,9402035,,,2022-10-27,01,,,2015-10-05,1,,,,,"グラーツィエ",0
143,1110002000291,01,1,2022-10-31,2015-10-05,"有限会社アイジー",,302,"新潟県","新潟市中央区","米山３丁目４番５号",,15,103,9500916,,,,,,,2015-10-05,1,,,,,"アイジー",0
144,1120001055872,21,0,2022-10-31,2022-10-27,"ジャパンハイテック株式会社",,301,"大阪府","大阪市西区","立売堀２丁目３番２号",,27,106,5500012,,,2022-10-27,11,7122001012022,"令和４年１０月１日大阪府東大阪市長田三丁目９番２１号南大阪フジキン株式会社（7122001012022）に合併し解散",2015-10-05,1,,,,,"ジャパンハイテック",0
145,1120001074856,01,1,2022-10-31,2015-10-05,"株式会社インネット",,301,"大阪府","大阪市中央区","南久宝寺町２丁目１番２号",,27,128,5410058,,,,,,,2015-10-05,0,,,,,"インネット",0
146,1120001074856,12,1,2022-10-31,2022-10-25,"株式会社インネット",,301,"大阪府","大阪市中央区","北浜東１番２２号",,27,128,5400031,,,,,,,2015-10-05,1,,,,,"インネット",0
147,1120001087965,01,1,2022-10-31,2015-10-05,"株式会社ビューレック",,301,"大阪府","大阪市中央区","道頓堀１丁目６番９号",,27,128,5420071,,,,,,,2015-10-05,1,,,,,"ビューレック",0
148,1120001122508,12,0,2022-10-31,2022-10-26,"株式会社嘉雅建設",,301,"大阪府","大阪市中央区","大手前１丁目７番３１号ＯＭＭビル",,27,128,5400008,,,,,,,2015-10-05,1,,,,,"ヨシマサケンセツ",0
149,1120001173088,01,1,2022-10-31,2015-10-05,"株式会社エヴォテック",,301,"大阪府","大阪市住吉区","沢之町１丁目９番１６－２０５号",,27,120,5580031,,,,,,,2015-10-05,0,,,,,"エヴォテック",0
150,1120001173088,12,1,2022-10-31,2022-10-27,"株式会社エヴォテック",,301,"大阪府","大阪市住吉区","長居東３丁目４番１８－２００１号",,27,120,5580004,,,,,,,2015-10-05,1,,,,,"エヴォテック",0
151,1120001203357,01,1,2022-10-31,2017-02-01,"株式会社肥後橋事務センター",,301,"大阪府","大阪市西区","江戸堀１丁目２番１１号大同生命南館７０１号",,27,106,5500002,,,,,,,2017-02-01,1,,,,,"ヒゴバシジムセンター",0
152,1120001221251,01,1,2022-10-31,2019-06-20,"株式会社メドラ",,301,"大阪府","大阪市大正区","三軒家西１丁目２５番１０号",,27,108,5510001,,,,,,,2019-06-20,0,,,,,"メドラ",0
153,1120001221251,12,1,2022-10-31,2022-10-26,"株式会社メドラ",,301,"大阪府","大阪市中央区","南船場１丁目３－２１グラスコート８０２室",,27,128,5420081,,,,,,,2019-06-20,1,,,,,"メドラ",0
154,1120001249854,01,0,2022-10-31,2022-10-31,"株式会社ＨＡＬＥ",,301,"大阪府","大阪市北区","大淀中２丁目３番２１号ラルジュメゾン２０２号室",,27,127,5310076,,,,,,,2022-10-31,1,,,,,"ハレ",0
155,1120001249862,01,0,2022-10-31,2022-10-31,"株式会社カドルシア",,301,"大阪府","大阪市中央区","南船場３丁目１１番１０号心斎橋大陽ビルＢ１Ｆ",,27,128,5420081,,,,,,,2022-10-31,1,,,,,"カドルシア",0
156,1120001249887,01,0,2022-10-31,2022-10-31,"株式会社ＬＤＭ",,301,"大阪府","大阪市西区","北堀江１丁目３番１０－４０１号",,27,106,5500014,,,,,,,2022-10-31,1,,,,,"エルディーエム",0
157,1120002048388,01,1,2022-10-31,2015-10-05,"有限会社ウェルネット",,302,"大阪府","大阪市阿倍野区","松崎町２丁目１０番１－１０８号",,27,119,5450053,,,,,,,2015-10-05,1,,,,,"ウェルネット",0
158,1120005005312,01,1,2022-10-31,2015-10-05,"医療法人星真会アモウデンタルクリニック",,399,"大阪府","大阪市北区","梅田１丁目１１番１００号",,27,127,5300001,,,,,,,2015-10-05,1,,,,,"セイビカイアモウデンタルクリニック",0
159,1120101032383,01,1,2022-10-31,2015-10-05,"株式会社羽曳野不動産",,301,"大阪府","羽曳野市","恵我之荘１丁目２番２号",,27,222,5830886,,,,,,,2015-10-05,1,,,,,"ハビキノフドウサン",0
160,1120101035361,01,1,2022-10-31,2015-10-05,"ウエダ介護サービス株式会社",,301,"大阪府","富田林市","大字伏見堂１００４番地２２７",,27,214,5840055,,,,,,,2015-10-05,1,,,,,"ウエダカイゴサービス",0
161,1120101058874,12,0,2022-10-31,2022-10-27,"星輝株式会社",,301,"大阪府","泉南市","信達大苗代７６１－６",,27,228,5900505,,,,,,,2018-10-16,1,,,,,"セイキ",0
162,1120103004901,01,0,2022-10-31,2022-10-31,"合同会社ＬＬＣ　ＮＯＲＴＨ　ＨＩＬＬ",,305,"大阪府","泉南市","男里３丁目１０番２９号",,27,228,5900526,,,,,,,2022-10-31,1,,,,,"エルエルシーノースヒル",0
163,1120901046649,01,0,2022-10-31,2022-10-31,"株式会社ＭＩＲＡＩ",,301,"大阪府","吹田市","円山町５２番８５号",,27,205,5640061,,,,,,,2022-10-31,1,,,,,"ミライ",0
164,1122001004644,01,1,2022-10-31,2015-10-05,"株式会社竹村倉庫",,301,"大阪府","東大阪市","川田１丁目６番３１号",,27,227,5780905,,,,,,,2015-10-05,1,,,,,"タケムラソウコ",0
165,1122001036349,01,0,2022-10-31,2022-10-31,"株式会社ＯＲＴＵＳ",,301,"大阪府","東大阪市","金岡４丁目１３番２－８０６号リバーサイド金岡５番館",,27,227,5770823,,,,,,,2022-10-31,1,,,,,"オータス",0
166,1130001020330,21,0,2022-10-31,2022-10-24,"カラコルム株式会社",,301,"京都府","京都市中京区","二条通東洞院西入仁王門町２２番地",,26,104,6040854,,,2022-10-24,01,,,2015-10-05,1,,,,,"カラコルム",0
167,1130001051037,01,1,2022-10-31,2015-10-05,"株式会社奥野",,301,"京都府","京都市山科区","御陵進藤町１５番地３テラスみささぎ２０６",,26,110,6078416,,,,,,,2015-10-05,1,,,,,"オクノ",0
168,1130002012013,12,0,2022-10-31,2022-10-25,"有限会社奥村装飾",,302,"京都府","京都市山科区","川田清水焼団地町８番地４",,26,110,6078322,,,,,,,2015-10-05,1,,,,,"オクムラソウショク",0
169,1140001049583,01,1,2022-10-31,2015-10-05,"第一舗道株式会社",,301,"兵庫県","尼崎市","水堂町４丁目２０番３号",,28,202,6610026,,,,,,,2015-10-05,1,,,,,"ダイイチホドウ",0
170,1140001074730,12,0,2022-10-31,2022-10-26,"セッテマーレ株式会社",,301,"兵庫県","宝塚市","鹿塩１丁目３２２－１ロンシャン仁川２０１",,28,214,6650054,,,,,,,2015-10-05,0,,,,,,0
171,1140001074730,11,0,2022-10-31,2022-10-26,"アイセッテマーレ株式会社",,301,"兵庫県","宝塚市","鹿塩１丁目３２２－１ロンシャン仁川２０１",,28,214,6650054,,,,,,,2015-10-05,1,,,,,"アイセッテマーレ",0
172,1140001116573,12,0,2022-10-31,2022-10-28,"株式会社Ｃｈｅｅｒｆｕｌ．",,301,"兵庫県","明石市","二見町東二見１３７７－２マンションＳＡＥＩ３０１",,28,203,6740092,,,,,,,2020-02-26,1,,,,,"チアフル",0
173,1140001127793,01,0,2022-10-31,2022-10-31,"株式会社めぐる",,301,"兵庫県","神戸市北区","道場町日下部１０４８番地４",,28,109,6511505,,,,,,,2022-10-31,1,,,,,"メグル",0
174,1140002005552,21,0,2022-10-31,2022-10-27,"有限会社アイワ不動産",,302,"兵庫県","神戸市垂水区","小束山２丁目２０番地の９",,28,108,6550002,,,2022-10-27,01,,,2015-10-05,1,,,,,"アイワフドウサン",0
175,1140002021450,12,0,2022-10-31,2022-10-28,"福島物流有限会社",,302,"兵庫県","神戸市西区","伊川谷町潤和２３８番地の３６９",,28,111,6512124,,,,,,,2015-10-05,1,,,,,,0
176,1140002066553,12,0,2022-10-31,2022-10-24,"有限会社イナノ",,302,"兵庫県","神戸市北区","藤原台北町５丁目３番１０－１１０４号",,28,109,6511301,,,,,,,2015-10-05,1,,,,,"イナノ",0
177,1140003015419,12,0,2022-10-31,2022-10-26,"合同会社ＺＥＲＯＯＮＥ",,305,"兵庫県","尼崎市","東難波町２丁目７番５－２０３号",,28,202,6600892,,,,,,,2020-09-29,1,,,,,"ゼロワン",0
178,1140003018289,01,0,2022-10-31,2022-10-31,"合同会社輝",,305,"兵庫県","明石市","二見町西二見１２７３番地の１０",,28,203,6740094,,,,,,,2022-10-31,1,,,,,"ヒカリ",0
179,1140005026356,01,0,2022-10-31,2022-10-31,"一般社団法人カワイク介護",,399,"兵庫県","芦屋市","宮川町７番１８号楠本ビル３階",,28,206,6590063,,,,,,,2022-10-31,1,,,,,"カワイクカイゴ",0
180,1160001015575,01,1,2022-10-31,2015-10-05,"株式会社木村モータース",,301,"滋賀県","野洲市","小篠原７７０番地",,25,210,5202331,,,,,,,2015-10-05,1,,,,,"キムラモータース",0
181,1160005006653,01,1,2022-10-31,2015-10-05,"慈眼寺",,399,"滋賀県","東近江市","小田苅町３１１番地",,25,213,5270125,,,,,,,2015-10-05,1,,,,,"ジゲンジ",0
182,1180001027833,01,1,2022-10-31,2015-10-05,"株式会社イワモト機械",,301,"愛知県","名古屋市緑区","鳴海町字京田９６番地４",,23,114,4580801,,,,,,,2015-10-05,1,,,,,"イワモトキカイ",0
183,1180001049084,12,0,2022-10-31,2022-10-26,"株式会社シービーエス",,301,"愛知県","名古屋市中川区","運河町５番１８号",,23,110,4540001,,,,,,,2015-10-05,1,,,,,"シービーエス",0
184,1180001098536,01,1,2022-10-31,2015-10-05,"株式会社八神",,301,"愛知県","海部郡大治町","大字砂子字寺屋敷９１８番地３",,23,424,4901143,,,,,,,2015-10-05,1,,,,,"ヤガミ",0
185,1180001139703,12,0,2022-10-31,2022-10-24,"株式会社ＦＯＲｉＥ",,301,"愛知県","名古屋市千種区","仲田２丁目１７番地７号",,23,101,4640074,,,,,,,2020-01-17,1,,,,,"フォリエ",0
186,1180001142434,12,0,2022-10-31,2022-10-20,"株式会社ゼロクリエイト",,301,"愛知県","名古屋市中区","錦３丁目４－２０錦ヤングビル４階",,23,106,4600003,,,,,,,2020-08-17,1,,,,,"ゼロクリエイト",0
187,1180001151047,12,0,2022-10-31,2022-10-26,"ＪＬＭＲ　ＳＡＫＵＲＡ株式会社",,301,"愛知県","弥富市","東末広３丁目５３番地",,23,235,4980063,,,,,,,2022-04-25,1,,,,,"ジェイエルエムアールサクラ",0
188,1180001152359,12,0,2022-10-31,2022-10-25,"株式会社Ｔ・Ｆ",,301,"愛知県","豊田市","西町５丁目５番地",,23,211,4710025,,,,,,,2022-07-28,1,,,,,"ティーエフ",0
189,1180001153514,01,0,2022-10-31,2022-10-31,"株式会社ＴＯＵＲＵ",,301,"愛知県","名古屋市昭和区","広路町字隼人１７番地の１",,23,107,4660834,,,,,,,2022-10-31,1,,,,,"トウル",0
190,1180001153571,01,0,2022-10-31,2022-10-31,"株式会社幸和",,301,"愛知県","愛西市","北一色町証文１４１番地１",,23,232,4960905,,,,,,,2022-10-31,1,,,,,"コウワ",0
191,1180002033797,21,0,2022-10-31,2022-10-25,"今井商事有限会社",,302,"愛知県","名古屋市熱田区","二番２丁目６番８号",,23,109,4560052,,,2022-10-25,01,,,2015-10-05,1,,,,,"イマイショウジ",0
192,1180002037708,21,0,2022-10-31,2022-10-26,"有限会社天満堂",,302,"愛知県","名古屋市千種区","天満通１丁目４３番地の１",,23,101,4640095,,,2022-10-26,01,,,2015-10-05,1,,,,,"テンマンドウ",0
193,1180301027657,12,0,2022-10-31,2022-10-25,"株式会社クールファクトリー",,301,"愛知県","常滑市","苅屋町６丁目１５番地の１０",,23,216,4790819,,,,,,,2015-10-05,1,,,,,"クールファクトリー",0
194,1190005008473,01,1,2022-10-31,2015-10-05,"農事組合法人大井田営農組合",,399,"三重県","いなべ市","大安町大井田３２７番地",,24,214,5110274,,,,,,,2015-10-05,0,,,,,"オオイダエイノウクミアイ",0
195,1190005008473,12,1,2022-10-31,2022-10-20,"農事組合法人大井田営農組合",,399,"三重県","いなべ市","大安町大井田８９５番地",,24,214,5110274,,,,,,,2015-10-05,1,,,,,"オオイダエイノウクミアイ",0
196,1220001003458,01,1,2022-10-31,2015-10-05,"昌和工業株式会社",,301,"石川県","金沢市","高尾台２丁目２２６番地",,17,201,9218155,,,,,,,2015-10-05,1,,,,,"ショウワコウギョウ",0
197,1220002013885,01,1,2022-10-31,2015-10-05,"有限会社たかぎ商事",,302,"石川県","七尾市","木町４０番地の１",,17,202,9260808,,,,,,,2015-10-05,1,,,,,"タカギショウジ",0
198,1220003002094,01,1,2022-10-31,2016-01-12,"三田重建合同会社",,305,"石川県","七尾市","大田町参部１７番地１",,17,202,9260006,,,,,,,2016-01-12,1,,,,,"ミタジュウケン",0
199,1230001017242,01,1,2022-10-31,2017-12-22,"株式会社ＫＸ",,301,"富山県","中新川郡立山町","大石原２０５番地１",,16,323,9300261,,,,,,,2017-12-22,1,,,,,"ケーエックス",0
200,1240001043295,01,1,2022-10-31,2015-10-05,"株式会社Ｅ－ＰＯＳ",,301,"広島県","広島市中区","舟入町２番２０号",,34,101,7300841,,,,,,,2015-10-05,1,,,,,"イーポス",0
201,1240001048831,12,0,2022-10-31,2022-10-24,"株式会社ツクリエ",,301,"広島県","広島市西区","楠木町１丁目１３番１１号",,34,104,7330002,,,,,,,2016-02-03,1,,,,,"ツクリエ",0
202,1240001060571,01,0,2022-10-31,2022-10-31,"株式会社レンタバンク",,301,"広島県","廿日市市","友田１２３５番地６",,34,213,7380203,,,,,,,2022-10-31,1,,,,,"レンタバンク",0
203,1250001013776,01,1,2022-10-31,2015-10-05,"株式会社幸技研",,301,"山口県","周南市","築港町１番１４号",,35,215,7450025,,,,,,,2015-10-05,1,,,,,"サチギケン",0
204,1250001019823,01,0,2022-10-31,2022-10-31,"とも株式会社",,301,"山口県","山口市","泉都町８番１５号",,35,203,7530076,,,,,,,2022-10-31,1,,,,,"トモ",0
205,1260001017578,01,1,2022-10-31,2015-10-05,"株式会社ショウダイ",,301,"岡山県","倉敷市","新田２７８５番地１",,33,202,7100038,,,,,,,2015-10-05,1,,,,,"ショウダイ",0
206,1260001025242,01,1,2022-10-31,2015-10-05,"株式会社ミッションズ",,301,"岡山県","岡山市南区","古新田３０番地３",,33,104,7010203,,,,,,,2015-10-05,1,,,,,"ミッションズ",0
207,1260001025812,12,0,2022-10-31,2022-10-27,"株式会社ＹＫＳ",,301,"広島県","福山市","加茂町字北山３３６０番地",,34,207,7202415,,,,,,,2015-10-05,1,,,,,"ワイケーエス",0
208,1260001031645,01,1,2022-10-31,2018-01-24,"せとうち地所株式会社",,301,"岡山県","笠岡市","横島５８５番地２７",,33,205,7140043,,,,,,,2018-01-24,1,,,,,"セトウチチショ",0
209,1260001033253,21,0,2022-10-31,2022-10-26,"株式会社Ｍ・Ａメディカル",,301,"岡山県","津山市","椿高下１３１番地３",,33,203,7080051,,,2022-10-26,01,,,2019-06-17,1,,,,,"エムエイ",0
210,1260002031041,01,1,2022-10-31,2015-10-05,"山陽金型有限会社",,302,"岡山県","和気郡和気町","日室５１３番地の２",,33,346,7090421,,,,,,,2015-10-05,1,,,,,"サンヨウカナガタ",0
211,1280001008807,01,0,2022-10-31,2022-10-31,"株式会社大森会計事務所",,301,"島根県","松江市","西茶町４０番地１",,32,201,6900845,,,,,,,2022-10-31,1,,,,,"オオモリカイケイジムショ",0
212,1280003000654,12,0,2022-10-31,2022-10-28,"合同会社えん",,305,"島根県","江津市","渡津町２９０番地１",,32,207,6950001,,,,,,,2015-10-05,1,,,,,,0
213,1290001001827,12,0,2022-10-31,2022-10-25,"株式会社永本建設",,301,"福岡県","福岡市南区","曰佐３丁目３２番２４号",,40,134,8111313,,,,,,,2015-10-05,1,,,,,"ナガモトケンセツ",0
214,1290001082181,12,0,2022-10-31,2022-10-26,"株式会社ａｑｕｅｌａ　ｐｌｕｓ",,301,"福岡県","飯塚市","川津４００－４",,40,205,8200067,,,,,,,2018-08-02,1,,,,,"アキュエラプラス",0
215,1290001091298,12,0,2022-10-31,2022-10-26,"株式会社ＧＲＡＮ",,301,"福岡県","福岡市南区","桧原１丁目７番３８号",,40,134,8111355,,,,,,,2020-12-15,1,,,,,"グラン",0
216,1290001096553,12,0,2022-10-31,2022-10-26,"株式会社Ｆ‐ｒｅａｃｈ　ｗｏｒｋ",,301,"福岡県","福岡市博多区","博多駅南４丁目３－１ＭＡＳＴ博多駅南２０５",,40,132,8120016,,,,,,,2022-02-28,1,,,,,"エフリーチワーク",0
217,1290001099382,01,0,2022-10-31,2022-10-31,"株式会社アリアナライン",,301,"福岡県","福岡市博多区","大博町９番５号",,40,132,8120033,,,,,,,2022-10-31,1,,,,,"アリアナライン",0
218,1290003011171,12,0,2022-10-31,2022-10-26,"合同会社ＰＲＩＳＭ",,305,"福岡県","福岡市南区","桧原１丁目７番３８号",,40,134,8111355,,,,,,,2021-05-13,1,,,,,"プリズム",0
219,1290003013110,01,0,2022-10-31,2022-10-31,"福岡ファミリー商事合同会社",,305,"福岡県","福岡市南区","井尻５丁目９番８号",,40,134,8111302,,,,,,,2022-10-31,1,,,,,"フクオカファミリーショウジ",0
220,1290003013119,01,0,2022-10-31,2022-10-31,"合同会社Ｊａｙ",,305,"福岡県","筑後市","大字下妻５１８番地２",,40,211,8330021,,,,,,,2022-10-31,1,,,,,"ジェイ",0
221,1290005015757,21,0,2022-10-31,2022-10-24,"特定非営利活動法人サークル・オーキッド",,399,"福岡県","糸島市","南風台１丁目１０番１０号",,40,230,8191137,,,2022-10-24,01,,,2016-01-15,1,,,,,"サークルオーキッド",0
222,1290801000128,01,1,2022-10-31,2015-10-05,"株式会社アダチスポーツ",,301,"福岡県","北九州市小倉北区","宇佐町１丁目３番３０号",,40,106,8020016,,,,,,,2015-10-05,1,,,,,"アダチスポーツ",0
223,1290801028994,01,0,2022-10-31,2022-10-31,"株式会社エステートタケダ",,301,"福岡県","北九州市八幡東区","石坪町１番２７号",,40,108,8050021,,,,,,,2022-10-31,1,,,,,"エステートタケダ",0
224,1290805004728,01,1,2022-10-31,2015-10-05,"医療法人羅寿久会浅木病院",,399,"福岡県","遠賀郡遠賀町","浅木２丁目３０番１号",,40,384,8114312,,,,,,,2015-10-05,1,,,,,"ラスクカイアサギビョウイン",0
225,1290805004975,01,1,2022-10-31,2015-10-05,"医療法人富松歯科医院",,399,"福岡県","北九州市八幡西区","木屋瀬１丁目２０番１２号",,40,109,8071261,,,,,,,2015-10-05,1,,,,,"トミマツシカイイン",0
226,1320002007555,12,0,2022-10-31,2022-10-27,"有限会社アジアワークス",,302,"大分県","大分市","大字下郡神ケ迫５９２－２４",,44,201,8700951,,,,,,,2015-10-05,1,,,,,"アジアワークス",0
227,1330003009566,01,0,2022-10-31,2022-10-31,"合同会社勢力丸",,305,"熊本県","上天草市","松島町合津６１７２番地１",,43,212,8616102,,,,,,,2022-10-31,1,,,,,"セイリキマル",0
228,1340003003948,01,0,2022-10-31,2022-10-31,"合同会社南西環境保全",,305,"鹿児島県","大島郡与論町","大字茶花９１３番地１",,46,535,8919301,,,,,,,2022-10-31,1,,,,,"ナンセイカンキョウホゼン",0
229,1350001018006,01,0,2022-10-31,2022-10-31,"フルーツデザイン株式会社",,301,"宮崎県","宮崎市","鶴島２丁目１６番１５号",,45,201,8800014,,,,,,,2022-10-31,1,,,,,"フルーツデザイン",0
230,1350002005093,21,0,2022-10-31,2022-10-27,"有限会社湯淺酒店",,302,"宮崎県","宮崎市","船塚２丁目７８番地",,45,201,8800031,,,2022-10-27,01,,,2015-10-05,1,,,,,"ユアササケテン",0
231,1360001020605,11,0,2022-10-31,2022-10-19,"株式会社ＯＳＭ",,301,"沖縄県","沖縄市","桃原２丁目２４番１５号",,47,211,9042164,,,,,,,2016-03-22,1,,,,,"オーエスエム",0
232,1370001049189,01,0,2022-10-31,2022-10-31,"ＭＢ‐ＴＲＡＤＩＮＧ株式会社",,301,"宮城県","栗原市","高清水台町６８番地１",,04,213,9872144,,,,,,,2022-10-31,1,,,,,"エムビートレーディング",0
233,1370003003508,12,0,2022-10-31,2022-10-18,"合同会社アンズ＆ｓ",,305,"宮城県","遠田郡涌谷町","字渋江１３８－１",,04,501,9870113,,,,,,,2016-05-30,1,,,,,"アンズ",0
234,1370202000454,01,1,2022-10-31,2015-10-05,"有限会社三光舎電機",,302,"宮城県","大崎市","古川字本鹿島２１８番地",,04,215,9896223,,,,,,,2015-10-05,1,,,,,"サンコウシャデンキ",0
235,1370301003135,01,1,2022-10-31,2015-10-05,"株式会社サンユー",,301,"宮城県","石巻市","小船越字上屋敷４４番地２",,04,202,9860132,,,,,,,2015-10-05,1,,,,,"サンユー",0
236,1380001030081,12,0,2022-10-31,2022-10-26,"株式会社トーヨー浪江バイオマス発電所",,301,"福島県","双葉郡浪江町","大字立野字春卯野１４９番地４",,07,547,9791501,,,,,,,2019-06-07,1,,,,,"トーヨーナミエバイオマスハツデンショ",0
237,1380002019636,01,1,2022-10-31,2015-10-05,"有限会社薄井商店",,302,"福島県","須賀川市","影沼町９７番地",,07,207,9620031,,,,,,,2015-10-05,1,,,,,"ウスイショウテン",0
238,1380002033744,01,1,2022-10-31,2015-10-05,"有限会社としの坊",,302,"福島県","会津若松市","真宮新町南２丁目１４９番地の２",,07,202,9650103,,,,,,,2015-10-05,1,,,,,"トシノボウ",0
239,1390002009768,21,0,2022-10-31,2022-10-26,"有限会社松浦鮮魚店",,302,"山形県","鶴岡市","末広町１２番１１号",,06,203,9970015,,,2022-10-26,01,,,2015-10-05,1,,,,,"マツウラセンギョテン",0
240,1400002013322,01,1,2022-10-31,2015-10-05,"有限会社ひなた",,302,"岩手県","久慈市","田屋町第１地割３８番地２",,03,207,0280022,,,,,,,2015-10-05,1,,,,,"ヒナタ",0
241,1410001010864,01,1,2022-10-31,2015-10-05,"株式会社永井興業",,301,"秋田県","大館市","釈迦内字山神台７７番地３",,05,204,0170012,,,,,,,2015-10-05,1,,,,,"ナガイコウギョウ",0
242,1420001007686,01,1,2022-10-31,2015-10-05,"株式会社カワムラ",,301,"青森県","八戸市","大字金浜字土橋５番地１４",,02,203,0310843,,,,,,,2015-10-05,1,,,,,"カワムラ",0
243,1420001007827,01,1,2022-10-31,2015-10-05,"株式会社カネナン",,301,"青森県","三戸郡南部町","大字苫米地字殿村２０番地３",,02,445,0390802,,,,,,,2015-10-05,1,,,,,"カネナン",0
244,1420001018056,01,0,2022-10-31,2022-10-31,"株式会社スタジオＲ",,301,"青森県","三沢市","東町３丁目９番地７号",,02,207,0330034,,,,,,,2022-10-31,1,,,,,"スタジオアール",0
245,1430001015622,01,1,2022-10-31,2015-10-05,"株式会社ホシイ",,301,"北海道","札幌市中央区","北二条西２６丁目１番１０号",,01,101,0640822,,,,,,,2015-10-05,1,,,,,"ホシイ",0
246,1430002057291,21,0,2022-10-31,2022-10-21,"有限会社アライ企画",,302,"北海道","虻田郡倶知安町","北三条東２丁目５番地",,01,400,0440003,,,2022-10-21,01,,,2015-10-05,1,,,,,"アライキカク",0
247,1460301003885,12,0,2022-10-31,2022-10-25,"株式会社清香社",,301,"北海道","網走市","新町３丁目５番１２号",,01,211,0930046,,,,,,,2015-10-05,1,,,,,"セイコウシャ",0
248,1470005002670,71,0,2022-10-31,2022-10-11,"天理教本島大教会",,399,"香川県","丸亀市","本島町泊２６８番地",,37,202,7630223,,,,,,"神戸市兵庫区熊野町五丁目１４番６号天理教千尋分教会（1140005001276）を合併",2015-10-05,1,,,,,"テンリキョウホンジマダイキョウカイ",0
249,1490001003571,12,0,2022-10-31,2022-10-24,"四国昇降機サービス株式会社",,301,"高知県","高知市","天神町１１番１３号",,39,201,7808012,,,,,,,2015-10-05,1,,,,,"シコクショウコウキサービス",0
250,1500001024558,01,0,2022-10-31,2022-10-31,"株式会社豆愛",,301,"愛媛県","伊予市","下吾川１８６２番地１",,38,210,7993111,,,,,,,2022-10-31,1,,,,,"マメアイ",0
251,2010001057029,12,0,2022-10-31,2022-10-25,"株式会社未来創造研究所",,301,"東京都","千代田区","平河町２丁目４番１３号",,13,101,1020093,,,,,,,2015-10-05,1,,,,,"ミライソウゴウケンキュウジョ",0
252,2010001060841,01,1,2022-10-31,2015-10-05,"株式会社和廣武",,301,"東京都","中央区","日本橋室町４丁目２番１６号",,13,102,1030022,,,,,,,2015-10-05,0,,,,,"ワコム",0
253,2010001060841,11,1,2022-10-31,2021-04-19,"株式会社ワコム研究所",,301,"東京都","中央区","日本橋室町４丁目２番１６号",,13,102,1030022,,,,,,,2015-10-05,1,,,,,"ワコムケンキュウジョ",0
254,2010001099698,01,1,2022-10-31,2015-10-05,"株式会社サン合同測量設計",,301,"東京都","中央区","日本橋本町３丁目３番６号",,13,102,1030023,,,,,,,2015-10-05,1,,,,,"サンゴウドウソクリョウセッケイ",0
255,2010001142937,12,0,2022-10-31,2022-10-27,"株式会社エイテックス",,301,"東京都","港区","南青山３丁目１番３６号青山丸竹ビル６Ｆ",,13,103,1070062,,,,,,,2015-10-05,1,,,,,,0
256,2010001152291,12,0,2022-10-31,2022-10-27,"株式会社ｐｏｏｌ",,301,"東京都","渋谷区","渋谷１丁目１２番２号",,13,113,1500002,,,,,,,2015-10-05,1,,,,,"プール",0
257,2010001191488,12,0,2022-10-31,2022-10-27,"アセンサス・サージカル・ジャパン株式会社",,301,"東京都","品川区","北品川４丁目７番３５号御殿山トラストタワー",,13,109,1400001,,,,,,,2018-05-07,1,,,,,"アセンサスサージカルジャパン",0
258,2010001201809,12,0,2022-10-31,2022-10-20,"株式会社ダブルケイ",,301,"埼玉県","吉川市","大字上内川１１７番地",,11,243,3420001,,,,,,,2019-06-19,0,,,,,"ダブルケイ",0
259,2010001201809,11,0,2022-10-31,2022-10-20,"株式会社パソコンワールド",,301,"埼玉県","吉川市","大字上内川１１７番地",,11,243,3420001,,,,,,,2019-06-19,1,,,,,"パソコンワールド",0
260,2010001223398,12,0,2022-10-31,2022-10-26,"株式会社シモビルエステート",,301,"東京都","港区","白金４丁目１０番１号",,13,103,1080072,,,,,,,2021-12-20,1,,,,,"シモビルエステート",0
261,2010001228991,01,1,2022-10-31,2022-08-24,"株式会社Ｙ＆Ｐ　ＡＳＳＥＴ　ＭＡＮＡＧＥＭＥＮＴ",,301,"東京都","中央区","銀座１丁目２２番１１号銀座大竹ビジデンス２階",,13,102,1040061,,,,,,,2022-08-24,1,,,,,,0
262,2010001230444,01,0,2022-10-31,2022-10-31,"株式会社Ｄｈａｒｍａ",,301,"東京都","中央区","銀座１丁目１２番４号Ｎ＆ＥＢＬＤ．７階",,13,102,1040061,,,,,,,2022-10-31,1,,,,,"ダルマ",0
263,2010001230452,01,0,2022-10-31,2022-10-31,"ＧＩＧ　Ｅｎｅｒｇｙ　Ｓｔｏｒａｇｅ　Ｊａｐａｎ　Ｏｐｅｒａｔｉｏｎｓ株式会社",,301,"東京都","千代田区","紀尾井町４番１号ニューオータニガーデンコート",,13,101,1020094,,,,,,,2022-10-31,1,,,,,"ジーアイジーエナジーストレージジャパンオペレーションズ",0
264,2010005018951,12,0,2022-10-31,2022-10-26,"一般財団法人難病治療開発機構",,399,"三重県","志摩市","磯部町迫間３７５番地",,24,215,5170214,,,,,,,2015-10-05,1,,,,,"ナンビョウチリョウカイハツキコウ",0
265,2010005019958,01,1,2022-10-31,2015-10-05,"一般社団法人新調理システム推進協会",,399,"東京都","中央区","日本橋小舟町１０番２号",,13,102,1030024,,,,,,,2015-10-05,1,,,,,"シンチョウリシステムスイシンキョウカイ",0
266,2010005029189,21,0,2022-10-31,2022-10-28,"一般社団法人みょうほう",,399,"東京都","千代田区","霞が関３丁目２番５号",,13,101,1000013,,,2022-10-28,01,,,2018-10-15,1,,,,,"ミョウホウ",0
267,2010005035724,01,0,2022-10-31,2022-10-31,"一般社団法人オルタナ２０",,399,"東京都","千代田区","丸の内３丁目１番１号東京共同会計事務所内",,13,101,1000005,,,,,,,2022-10-31,1,,,,,"オルタナトゥウェンティ",0
268,2010401084176,12,0,2022-10-31,2022-10-11,"ファイナンスガーデン株式会社",,301,"東京都","港区","芝大門１丁目１番２３号",,13,103,1050012,,,,,,,2015-10-05,1,,,,,"ファイナンスガーデン",0
269,2010401146034,12,0,2022-10-31,2022-10-12,"株式会社白惠テクノロジー",,301,"東京都","港区","港南３丁目６番２１号コスモポリス品川３３１１",,13,103,1080075,,,,,,,2019-06-10,1,,,,,"ハクエテクノロジー",0
270,2010401150738,12,0,2022-10-31,2022-10-27,"株式会社Ｈｅａｄｌｉｎｅ　Ｊａｐａｎ",,301,"東京都","渋谷区","神宮前６丁目１２番１８号",,13,113,1500001,,,,,,,2020-01-31,1,,,,,"ヘッドラインジャパン",0
271,2010401170488,01,0,2022-10-31,2022-10-31,"株式会社エキスパーツ",,301,"東京都","港区","赤坂３丁目１１番１４－７１１号",,13,103,1070052,,,,,,,2022-10-31,1,,,,,"エキスパーツ",0
272,2010401170538,01,0,2022-10-31,2022-10-31,"株式会社Ｊ‐Ｗｅｌｆａｒｅ",,301,"東京都","港区","芝浦１丁目６－４１グローバルフロントタワー２５０２",,13,103,1050023,,,,,,,2022-10-31,1,,,,,"ジェイウェルファ",0
273,2010403020550,21,0,2022-10-31,2022-10-11,"大阪インベストメンツ２合同会社",,305,"東京都","港区","六本木１丁目６番１号泉ガーデンタワー",,13,103,1060032,,,2022-10-11,01,,,2019-04-10,1,,,,,"オオサカインベストメンツツー",0
274,2010403024262,21,0,2022-10-31,2022-10-12,"合同会社Ａ．Ｐ．１６",,305,"東京都","港区","元赤坂１丁目１番８号赤坂コミュニティビル４階",,13,103,1070051,,,2022-10-12,01,,,2020-12-03,1,,,,,"エーピーシックスティーン",0
275,2010601049334,12,0,2022-10-31,2022-10-27,"株式会社ステラキッズ",,301,"東京都","中央区","佃１丁目１１番８号",,13,102,1040051,,,,,,,2016-03-07,1,,,,,"ステラキッズ",0
276,2010601060407,12,0,2022-10-31,2022-10-25,"ＩＲ　Ｃａｐｉｔａｌ　Ｊａｐａｎ株式会社",,301,"東京都","港区","南青山２丁目２番１５号",,13,103,1070062,,,,,,,2021-12-20,1,,,,,"アイアールキャピタルジャパン",0
277,2010601062072,01,0,2022-10-31,2022-10-31,"株式会社ＤＭＫ　ＳＴＥＬＬＡ",,301,"東京都","江東区","潮見２丁目８番１４－８１４号",,13,108,1350052,,,,,,,2022-10-31,1,,,,,"ディーエムケーステラ",0
278,2010701000865,12,0,2022-10-31,2022-10-25,"株式会社伊佐野製作所",,301,"東京都","大田区","東蒲田２丁目２９番１１号保坂ビル２階",,13,111,1440031,,,,,,,2015-10-05,1,,,,,"イサノセイサクショ",0
279,2010701043393,01,0,2022-10-31,2022-10-31,"株式会社オフィスサイトウ",,301,"東京都","品川区","豊町４丁目１８番７号",,13,109,1420042,,,,,,,2022-10-31,1,,,,,"オフィスサイトウ",0
280,2010901003354,01,1,2022-10-31,2015-10-05,"株式会社工藤工務店",,301,"東京都","世田谷区","鎌田２丁目１１番１８号",,13,112,1570077,,,,,,,2015-10-05,1,,,,,"クドウコウムテン",0
281,2010901048300,12,0,2022-10-31,2022-10-12,"ＤＲＥＡＭ　ＺＥＮ株式会社",,301,"東京都","港区","六本木６丁目８番２９号六本木シローマンション３０３号",,13,103,1060032,,,,,,,2021-03-23,1,,,,,"ドリームゼン",0
282,2011001122978,12,0,2022-10-31,2022-10-27,"株式会社モアプラス",,301,"東京都","目黒区","大橋２丁目６－１０",,13,110,1530044,,,,,,,2018-07-02,1,,,,,"モアプラス",0
283,2011001137695,12,0,2022-10-31,2022-10-27,"ＷＴｒｅｅｓ株式会社",,301,"東京都","新宿区","新小川町９－２６新小川町パックビル",,13,104,1620814,,,,,,,2021-01-04,1,,,,,"ダブルツリーズ",0
284,2011001140245,01,1,2022-10-31,2021-05-14,"株式会社ＢＲＵＴＡＬ",,301,"東京都","渋谷区","代々木５丁目４２番１０－４０２号",,13,113,1510053,,,,,,,2021-05-14,1,"BRUTAL Inc.","Tokyo","402 5-42-10, Yoyogi, Shibuya ku",,"ブルータル",0
285,2011001140947,12,0,2022-10-31,2022-10-18,"株式会社Ｄｅｓｉｇｎ　＆　Ｒｅｓｅａｒｃｈ",,301,"東京都","目黒区","碑文谷４丁目７－１３Ｗ－ＨＯＵＳＥ１０５",,13,110,1520003,,,,,,,2021-06-10,1,,,,,"デザインアンドリサーチ",0
286,2011001141598,12,0,2022-10-31,2022-10-21,"株式会社ＬＳＳＤ",,301,"東京都","目黒区","下目黒１丁目８番１号",,13,110,1530064,,,,,,,2021-07-09,1,,,,,"エルエスエスディ",0
287,2011001148817,12,0,2022-10-31,2022-10-18,"株式会社ポノ",,301,"東京都","渋谷区","道玄坂２丁目１４番１９号１Ｆ",,13,113,1500043,,,,,,,2022-07-28,1,,,,,"ポノ",0
288,2011001150203,12,0,2022-10-31,2022-10-27,"株式会社飛び台",,301,"東京都","中央区","銀座２丁目１４番５号三光ビル４階",,13,102,1040061,,,,,,,2022-10-07,1,,,,,"トビダイ",0
289,2011001150599,01,0,2022-10-31,2022-10-31,"株式会社Ｆｌｕｔｔｅｒ　Ｄｅｓｉｇｎ　Ｉｎｃ",,301,"東京都","渋谷区","神宮前６丁目９－１０メゾン神宮前１０２",,13,113,1500001,,,,,,,2022-10-31,1,,,,,"フラッターデザインインク",0
290,2011002003566,01,1,2022-10-31,2015-10-05,"有限会社クリエーターゼロ",,302,"東京都","渋谷区","猿楽町二丁目１３番地",,13,113,1500033,,,,,,,2015-10-05,0,,,,,"クリエーターゼロ",0
291,2011002003566,12,1,2022-10-31,2021-12-23,"有限会社クリエーターゼロ",,302,"東京都","渋谷区","鶯谷町四丁目１５番地",,13,113,1500032,,,,,,,2015-10-05,1,,,,,"クリエーターゼロ",0
292,2011003004448,01,1,2022-10-31,2015-10-05,"ジョイバリュー合同会社",,305,"東京都","目黒区","下目黒２丁目１６－１２－３０４",,13,110,1530064,,,,,,,2015-10-05,0,,,,,"ジョイバリュー",0
293,2011003004448,12,1,2022-10-31,2021-12-01,"ジョイバリュー合同会社",,305,"東京都","目黒区","八雲２丁目３番１６号",,13,110,1520023,,,,,,,2015-10-05,1,,,,,"ジョイバリュー",0
294,2011101020009,01,1,2022-10-31,2015-10-05,"マザーマシンレンタル・リース株式会社",,301,"群馬県","太田市","新井町５１６番地４",,10,205,3730852,,,,,,,2015-10-05,0,,,,,"マザーマシンレンタルリース",0
295,2011101020009,12,0,2022-10-31,2022-10-27,"マザーマシンレンタル・リース株式会社",,301,"東京都","新宿区","上落合１丁目１４番１０号",,13,104,1610034,,,,,,,2015-10-05,1,,,,,"マザーマシンレンタルリース",0
296,2011101026550,12,0,2022-10-31,2022-10-27,"株式会社ルームズ",,301,"東京都","新宿区","愛住町２３番２ベルックス新宿ビルＩＩ",00128303,13,104,1600005,,,,,,,2015-10-05,1,,,,,"ルームズ",0
297,2011101047043,01,1,2022-10-31,2015-10-05,"株式会社フォルテス",,301,"東京都","新宿区","高田馬場１丁目６番１６号ユニオンビル６０１号",,13,104,1690075,,,,,,,2015-10-05,1,,,,,"フォルテス",0
298,2011101100603,01,0,2022-10-31,2022-10-31,"Ｊ‐ＯＮＥ株式会社",,301,"東京都","新宿区","高田馬場２丁目１９番７－８０５号",,13,104,1690075,,,,,,,2022-10-31,1,,,,,"ジェイワン",0
299,2011101100677,01,0,2022-10-31,2022-10-31,"株式会社ｋｏｋｏｋｕｒｏ",,301,"東京都","新宿区","西落合１丁目２番１７号",,13,104,1610031,,,,,,,2022-10-31,1,,,,,"ココクロ",0
300,2011101100685,01,0,2022-10-31,2022-10-31,"中島東洋株式会社",,301,"東京都","新宿区","百人町２丁目１番４５号赤煉瓦２２７",,13,104,1690073,,,,,,,2022-10-31,1,,,,,"ナカジマトウヨウ",0
301,2011103009487,12,0,2022-10-31,2022-10-28,"株式会社ななみすぽっと",,301,"東京都","新宿区","西新宿３丁目３番－１３号西新宿水間ビル６階",,13,104,1600023,,,,,,,2020-02-19,1,,,,,"ナナミスポット",0
302,2011105004131,01,1,2022-10-31,2015-10-05,"公益社団法人日本会",,399,"東京都","新宿区","下宮比町２番１８号グランドメゾン飯田橋２０５号室",,13,104,1620822,,,,,,,2015-10-05,0,,,,,"ニッポンカイ",0
303,2011105004131,12,1,2022-10-31,2022-04-01,"公益社団法人日本会",,399,"東京都","新宿区","四谷本塩町４番２５号アトラス四谷本塩町１０８",,13,104,1600003,,,,,,,2015-10-05,1,,,,,"ニッポンカイ",0
304,2011201018266,01,1,2022-10-31,2015-10-05,"ビューティーサイエンス株式会社",,301,"東京都","中野区","本町４丁目１９番１２号マ・メゾン１０３",,13,114,1640012,,,,,,,2015-10-05,1,,,,,"ビューティーサイエンス",0
305,2011201024198,01,0,2022-10-31,2022-10-31,"株式会社ベターライフ",,301,"東京都","中野区","大和町４丁目２０－４ヴィラ中野１０２",,13,114,1650034,,,,,,,2022-10-31,1,,,,,"ベターライフ",0
306,2011203003935,01,0,2022-10-31,2022-10-31,"東中野ヤナセビル合同会社",,305,"東京都","中野区","東中野４丁目３番１号ヤナセビル",,13,114,1640003,,,,,,,2022-10-31,1,,,,,"ヒガシナカノヤナセビル",0
307,2011401024634,01,0,2022-10-31,2022-10-31,"株式会社ボードブリッジ",,301,"東京都","板橋区","宮本町５６番２－４０４号",,13,119,1740054,,,,,,,2022-10-31,1,,,,,"ボードブリッジ",0
308,2011501028618,01,0,2022-10-31,2022-10-31,"０ＸＡホールディングス株式会社",,301,"東京都","荒川区","町屋３丁目１－１３",,13,118,1160001,,,,,,,2022-10-31,1,,,,,"レイエクスエイホールディングス",0
309,2011503004971,12,0,2022-10-31,2022-10-24,"Ｆｉｎａｎｃｅ　Ｌａｂ合同会社",,305,"東京都","荒川区","南千住７丁目１番１－１６０７号",,13,118,1160003,,,,,,,2021-11-18,1,,,,,"ファイナンスラボ",0
310,2011503005342,01,0,2022-10-31,2022-10-31,"エラリ合同会社",,305,"東京都","北区","田端２丁目１番２０号",,13,117,1140014,,,,,,,2022-10-31,1,,,,,"エラリ",0
311,2011601018700,01,1,2022-10-31,2015-10-05,"株式会社モンベベソリューション",,301,"東京都","港区","新橋４丁目９番１号",,13,103,1050004,,,,,,,2015-10-05,1,,,,,"モンベベソリューション",0
312,2011701012512,01,1,2022-10-31,2015-10-05,"株式会社ジュネンプロダクト",,301,"東京都","江戸川区","東小岩４丁目１１番１９号",,13,123,1330052,,,,,,,2015-10-05,1,,,,,"ジュネンプロダクト",0
313,2011701018732,11,0,2022-10-31,2022-10-26,"株式会社東友医研",,301,"東京都","豊島区","池袋４丁目２７－５和田ビル２０１",,13,116,1710014,,,,,,,2015-10-05,1,,,,,"トウユウイケン",0
314,2011703003286,01,0,2022-10-31,2022-10-31,"合同会社Ｔ’ｓ",,305,"東京都","江戸川区","平井１丁目２番１１－４０８号シャルマンコーポ平井",,13,123,1320035,,,,,,,2022-10-31,1,,,,,"ティース",0
315,2011801038985,12,0,2022-10-31,2022-10-24,"株式会社ＮＥＷ　ＡＳＩＡ",,301,"東京都","足立区","梅島３丁目３３番６号エンブレム西新井３Ｆ－５５",,13,121,1210816,,,,,,,2021-04-06,1,,,,,"ニューアジア",0
316,2011801040909,12,0,2022-10-31,2022-10-27,"株式会社玉龍",,301,"東京都","豊島区","北大塚２丁目８－１２東京ＩＴビル一階",,13,116,1700004,,,,,,,2022-06-23,1,,,,,"ギョクリュウ",0
317,2011801041477,01,0,2022-10-31,2022-10-31,"株式会社ＯＬＤＥ",,301,"東京都","葛飾区","亀有３丁目２６番２号",,13,122,1250061,,,,,,,2022-10-31,1,,,,,"オールド",0
318,2011802010919,01,1,2022-10-31,2015-10-05,"有限会社大和田商会",,302,"東京都","足立区","鹿浜３丁目２９番１６号",,13,121,1230864,,,,,,,2015-10-05,1,,,,,"オオワダショウカイ",0
319,2012303000574,12,0,2022-10-31,2022-10-04,"合同会社マチダ・ラボ",,305,"東京都","町田市","小山ヶ丘２丁目２番地５",,13,209,1940215,,,,,,,2015-10-05,1,,,,,,0
320,2012401025119,01,1,2022-10-31,2015-10-05,"株式会社ＴＯＭＯＴＯＭＯ",,301,"東京都","調布市","上石原１丁目３９番地４号",,13,208,1820035,,,,,,,2015-10-05,1,,,,,"トモトモ",0
321,2012401030944,01,1,2022-10-31,2016-01-13,"株式会社Ｌｉｂｅｒｔｙ　Ｂｒｉｄｇｅ",,301,"東京都","調布市","深大寺南町５丁目３０番地１８",,13,208,1820013,,,,,,,2016-01-13,0,,,,,"リバティブリッジ",0
322,2012401030944,12,0,2022-10-31,2022-10-26,"株式会社Ｌｉｂｅｒｔｙ　Ｂｒｉｄｇｅ",,301,"東京都","港区","三田１丁目３番４０号",,13,103,1080073,,,,,,,2016-01-13,1,,,,,"リバティブリッジ",0
323,2012402019103,01,1,2022-10-31,2015-10-05,"有限会社全建社",,302,"東京都","三鷹市","上連雀７丁目３番６号",,13,204,1810012,,,,,,,2015-10-05,1,,,,,"ゼンケンシャ",0
324,2012402021059,12,0,2022-10-31,2022-10-21,"有限会社ビットワークス",,302,"東京都","立川市","錦町１丁目７番３２号",,13,202,1900022,,,,,,,2015-10-05,1,,,,,"ビットワークス",0
325,2013103001176,01,0,2022-10-31,2022-10-31,"昭島石材合同会社",,305,"東京都","あきる野市","草花７６９番地８",,13,228,1970802,,,,,,,2022-10-31,1,,,,,"アキシマセキザイ",0
326,2013301049868,01,0,2022-10-31,2022-10-31,"株式会社Ｋ８１２",,301,"東京都","豊島区","西池袋１丁目４番１０号",,13,116,1710021,,,,,,,2022-10-31,1,,,,,"ケーハチイチニ",0
327,2020001018186,01,1,2022-10-31,2015-10-05,"東邦酸素工業株式会社",,301,"神奈川県","横浜市鶴見区","江ケ崎町１１番３４号",,14,101,2300002,,,,,,,2015-10-05,0,,,,,"トウホウサンソコウギョウ",0
328,2020001018186,71,1,2022-10-31,2022-10-20,"東邦酸素工業株式会社",,301,"神奈川県","横浜市鶴見区","江ケ崎町１１番３４号",,14,101,2300002,,,,,,"令和４年１０月１日横浜市鶴見区駒岡二丁目１０番３８号日本技検株式会社（5020001018407）を合併",2015-10-05,1,,,,,"トウホウサンソコウギョウ",0
329,2020001058703,21,0,2022-10-31,2022-10-25,"光システムサービス株式会社",,301,"神奈川県","横浜市神奈川区","六角橋６丁目２５番２９号",,14,102,2210802,,,2022-10-25,01,,,2015-10-05,1,,,,,"ヒカリシステムサービス",0
330,2020001148719,01,0,2022-10-31,2022-10-31,"株式会社アローズ",,301,"神奈川県","横浜市港北区","篠原町１００５番地１スカイタウン新横浜１０６",,14,109,2220026,,,,,,,2022-10-31,1,,,,,"アローズ",0
331,2020001148727,01,0,2022-10-31,2022-10-31,"Ｃ‐ＴＥＣＨ株式会社",,301,"神奈川県","横浜市神奈川区","反町３丁目２３番地９－６０３号室",,14,102,2210825,,,,,,,2022-10-31,1,,,,,"シーテック",0
332,2020001148735,01,0,2022-10-31,2022-10-31,"オーエス貿易株式会社",,301,"神奈川県","横浜市泉区","緑園２丁目１８番地２",,14,116,2450002,,,,,,,2022-10-31,1,,,,,"オーエスボウエキ",0
333,2020001148743,01,0,2022-10-31,2022-10-31,"株式会社ふるさと村工房",,301,"神奈川県","横浜市青葉区","寺家町６０３番地２",,14,117,2270031,,,,,,,2022-10-31,1,,,,,"フルサトムラコウボウ",0
334,2020001148751,01,0,2022-10-31,2022-10-31,"株式会社廣徳",00128306,301,"神奈川県","横浜市中区","山下町１２９番地世貿ビル５０１号",,14,104,2310023,,,,,,,2022-10-31,1,,,,,"コウトク",0
335,2020002007618,01,1,2022-10-31,2015-10-05,"有限会社エフエムエス",,302,"神奈川県","横浜市金沢区","釜利谷東３丁目４３番２５号",,14,108,2360042,,,,,,,2015-10-05,1,,,,,"エフエムエス",0
336,2020002012568,01,1,2022-10-31,2015-10-05,"有限会社長谷川ビルサービス",,302,"神奈川県","横浜市戸塚区","品濃町１８０７番地２",,14,110,2440801,,,,,,,2015-10-05,1,,,,,"ハセガワビルサービス",0
337,2020002087453,21,0,2022-10-31,2022-10-24,"有限会社双葉寿司",,302,"神奈川県","川崎市宮前区","菅生３丁目１番４号",,14,136,2160015,,,2022-10-24,01,,,2015-10-05,1,,,,,"フタバズシ",0
338,2020005002343,01,1,2022-10-31,2015-10-05,"横浜和同自動車協同組合",,399,"神奈川県","横浜市中区","太田町３丁目３３番地",,14,104,2310011,,,,,,,2015-10-05,1,,,,,"ヨコハマワドウジドウシャ",0
339,2021001004523,01,1,2022-10-31,2015-10-05,"株式会社湘南通産",,301,"神奈川県","藤沢市","片瀬海岸１丁目３番３号",,14,205,2510035,,,,,,,2015-10-05,1,,,,,"ショウナンツウサン",0
340,2021001054592,12,0,2022-10-31,2022-10-24,"株式会社旧三福不動産",,301,"神奈川県","小田原市","栄町１丁目１６番１９号旧三福ビルヂング",,14,206,2500011,,,,,,,2015-10-05,1,,,,,"キュウサンプクフドウサン",0
341,2021001077313,01,0,2022-10-31,2022-10-31,"株式会社堀之上電気",,301,"神奈川県","相模原市中央区","上溝３９２８番地３",,14,152,2520243,,,,,,,2022-10-31,1,,,,,"ホリノウエデンキ",0
342,2021002000364,01,1,2022-10-31,2015-10-05,"有限会社アルタル",,302,"神奈川県","藤沢市","遠藤８５２番地１２",,14,205,2520816,,,,,,,2015-10-05,1,,,,,"アルタル",0
343,2021002062124,01,1,2022-10-31,2015-10-05,"大磯リゾート倶楽部有限会社",,302,"神奈川県","平塚市","山下７６０番地１",,14,203,2540911,,,,,,,2015-10-05,0,,,,,"オオイソリゾートクラブ",0
344,2021002062124,12,1,2022-10-31,2022-10-19,"大磯リゾート倶楽部有限会社",,302,"神奈川県","平塚市","山下３丁目２７番７－５０８号",,14,203,2540911,,,,,,,2015-10-05,1,,,,,"オオイソリゾートクラブ",0
345,2030001008269,01,1,2022-10-31,2015-10-05,"株式会社ムラタエンジニアリング",,301,"埼玉県","さいたま市北区","盆栽町４７９番地８",,11,102,3310805,,,,,,,2015-10-05,1,,,,,"ムラタエンジニアリング",0
346,2030001030900,01,1,2022-10-31,2015-10-05,"株式会社マルシマインテリア資材",,301,"埼玉県","久喜市","野久喜６３７番地",,11,232,3460002,,,,,,,2015-10-05,1,,,,,"マルシマインテリアシザイ",0
347,2030001032748,71,0,2022-10-31,2022-10-03,"株式会社関東トーウン",,301,"埼玉県","加須市","鴻茎１２番地９",,11,210,3470111,,,,,,"令和４年１０月１日川崎市川崎区田辺新田６５番１関東宝樹運輸株式会社（2020001090202）を合併",2015-10-05,1,,,,,"カントウトーウン",0
348,2030001071085,22,0,2022-10-31,2022-10-13,"山下金属工業株式会社",,301,"埼玉県","東松山市","大字新郷８８番２９号",,11,212,3550071,,,,,,,2015-10-05,1,,,,,"ヤマシタキンゾクコウギョウ",0
349,2030001117499,01,1,2022-10-31,2016-12-16,"株式会社荻野鉄筋",,301,"埼玉県","越谷市","東越谷６丁目２０２番地２",,11,222,3430023,,,,,,,2016-12-16,0,,,,,"オギノテッキン",0
350,2030001117499,12,1,2022-10-31,2022-10-19,"株式会社荻野鉄筋",,301,"埼玉県","北葛飾郡松伏町","大字松伏２４９３番地１",,11,465,3430111,,,,,,,2016-12-16,1,,,,,"オギノテッキン",0
351,2030001122020,01,1,2022-10-31,2017-09-05,"日中国際株式会社",,301,"埼玉県","川口市","本町４丁目５番２６－５０２号",,11,203,3320012,,,,,,,2017-09-05,0,,,,,"ニッチュウコクサイ",0
352,2030001122020,12,0,2022-10-31,2022-10-27,"日中国際株式会社",,301,"東京都","港区","芝４丁目７番６号芝ビルディング７０４",,13,103,1080014,,,,,,,2017-09-05,1,,,,,"ニッチュウコクサイ",0
353,2030001147513,12,0,2022-10-31,2022-10-18,"ＡＤＡＭ　ＴＲＡＤＩＮＧ株式会社",,301,"埼玉県","入間郡毛呂山町","若山１丁目３３番地１２",,11,326,3500462,,,,,,,2022-04-05,1,,,,,"アダムトレーディング",0
354,2030001150780,01,0,2022-10-31,2022-10-31,"株式会社ｏｌｕｏｌｕ",,301,"埼玉県","春日部市","増富６４８番地１１",,11,214,3440041,,,,,,,2022-10-31,1,,,,,"オルオル",0
355,2030002006156,01,1,2022-10-31,2015-10-05,"有限会社サダエ",,302,"埼玉県","さいたま市大宮区","櫛引町１丁目８５５番地の９",,11,103,3300851,,,,,,,2015-10-05,1,,,,,"サダエ",0
356,2030002099811,01,1,2022-10-31,2015-10-05,"有限会社アーベイン企画事務所",,302,"埼玉県","川口市","並木４丁目１６番１７号青木パークハイツ２０７号",,11,203,3320034,,,,,,,2015-10-05,1,,,,,"アーベインキカクジムショ",0
357,2030003011502,01,1,2022-10-31,2018-02-27,"合同会社ワンズライフワーク",,305,"埼玉県","熊谷市","船木台３丁目３番地１３メイプルヒルＡ１０２号",,11,202,3690108,,,,,,,2018-02-27,1,,,,,"ワンズライフワーク",0
358,2030003017276,21,0,2022-10-31,2022-10-20,"ＳＥＨ合同会社",,305,"埼玉県","草加市","谷塚１丁目２１番１号メルヘンシャトー草加７１８",,11,221,3400028,,,2022-10-20,01,,,2021-05-26,1,,,,,"エスイーエイチ",0
359,2030005008950,21,0,2022-10-31,2022-10-14,"ＮＰＯ法人成年後見川越サポートセンター",,399,"埼玉県","川越市","大字笠幡６１番地２３",,11,201,3501175,,,2022-10-14,01,,,2015-10-05,1,,,,,"セイネンコウケンカワゴエサポートセンター",0
360,2040001024934,01,1,2022-10-31,2015-10-05,"株式会社Ａ．Ｔトレーディング",,301,"千葉県","船橋市","本町３丁目１６番６－１０１号",,12,204,2730005,,,,,,,2015-10-05,0,,,,,"エーティトレーディング",0
361,2040001024934,12,1,2022-10-31,2017-01-10,"株式会社Ａ．Ｔトレーディング",,301,"栃木県","宇都宮市","東簗瀬１丁目４０番８号",,09,201,3210925,,,,,,,2015-10-05,0,,,,,"エーティトレーディング",0
362,2040001024934,12,1,2022-10-31,2020-08-03,"株式会社Ａ．Ｔトレーディング",,301,"栃木県","宇都宮市","下岡本町４０４７番地１",,09,201,3291104,,,,,,,2015-10-05,1,,,,,"エーティトレーディング",0
363,2040001027870,01,1,2022-10-31,2015-10-05,"株式会社ヨシダミート",,301,"千葉県","市川市","宮久保１丁目２４番１４号",,12,203,2720822,,,,,,,2015-10-05,1,,,,,"ヨシダミート",0
364,2040001125617,01,0,2022-10-31,2022-10-31,"ＲＳジャパン株式会社",,301,"千葉県","松戸市","上本郷２８９９番地の３グリーンテラス３号",,12,207,2710064,,,,,,,2022-10-31,1,,,,,"アールエスジャパン",0
365,2040001125633,01,0,2022-10-31,2022-10-31,"株式会社関根農園",,301,"千葉県","野田市","目吹２１７１番地",,12,208,2780001,,,,,,,2022-10-31,1,,,,,"セキネノウエン",0
366,2040003002129,12,0,2022-10-31,2022-10-21,"合同会社魔法の杖",,305,"千葉県","船橋市","前原西２丁目１４番２号津田沼駅前安田ビル別館２Ｆ－２０",,12,204,2740825,,,,,,,2015-10-05,1,,,,,,0
367,2050001006337,01,1,2022-10-31,2015-10-05,"株式会社ベジタブル",,301,"茨城県","那珂市","鴻巣２０９９番地１",,08,226,3110133,,,,,,,2015-10-05,0,,,,,"ベジタブル",0
368,2050001006337,21,0,2022-10-31,2022-10-24,"株式会社ベジタブル",,301,"茨城県","那珂市","鴻巣２０９９番地１",,08,226,3110133,,,2022-10-24,01,,,2015-10-05,1,,,,,"ベジタブル",0
369,2050001031277,12,0,2022-10-31,2022-10-24,"株式会社エスラ",,301,"茨城県","守谷市","御所ケ丘２丁目３番地６",,08,224,3020119,,,,,,,2015-10-05,1,,,,,"エスラ",0
370,2050002041234,21,0,2022-10-31,2022-10-21,"有限会社オーエヌ企画",,302,"茨城県","常総市","左平太新田９５５番地１",,08,211,3002735,,,2022-10-21,01,,,2015-10-05,1,,,,,"オーエヌキカク",0
371,2060001018018,01,1,2022-10-31,2015-10-05,"株式会社メディカルケアーズ",,301,"栃木県","那須塩原市","太夫塚５丁目２２１番地４９２",,09,213,3292735,,,,,,,2015-10-05,1,,,,,"メディカルケアーズ",0
372,2060001035392,01,0,2022-10-31,2022-10-31,"株式会社イン・ベース",,301,"栃木県","真岡市","下高間木２丁目１２－４－２Ｆ",,09,209,3214335,,,,,,,2022-10-31,1,,,,,"インベース",0
373,2060002005221,21,0,2022-10-31,2022-10-25,"有限会社清南電気",,302,"栃木県","宇都宮市","東刑部町８７０番地",,09,201,3210915,,,2022-10-25,01,,,2015-10-05,1,,,,,"セイナンデンキ",0
374,2070001001922,01,1,2022-10-31,2015-10-05,"株式会社大成住建",,301,"群馬県","前橋市","三俣町３丁目８番地の９",,10,201,3710018,,,,,,,2015-10-05,1,,,,,"タイセイジュウケン",0
375,2070001027380,12,0,2022-10-31,2022-10-20,"エイトトゥエイト株式会社",,301,"群馬県","前橋市","六供町１３４５番地１",,10,201,3710804,,,,,,,2015-10-05,1,,,,,,0
376,2070001028073,01,1,2022-10-31,2015-10-05,"株式会社ティーワイ",,301,"群馬県","富岡市","中高瀬３１２番地２",,10,210,3702333,,,,,,,2015-10-05,1,,,,,"ティーワイ",0
377,2070002024154,01,1,2022-10-31,2015-10-05,"有限会社角田組",,302,"群馬県","桐生市","黒保根町下田沢２７６６番地６",,10,203,3760144,,,,,,,2015-10-05,1,,,,,"カクタクミ",0
378,2070003004675,01,0,2022-10-31,2022-10-31,"東西合同会社",,305,"群馬県","北群馬郡榛東村","大字山子田１８１番地",,10,344,3703502,,,,,,,2022-10-31,1,,,,,"トウセイ",0
379,2070005009144,01,1,2022-10-31,2016-02-29,"ＮＰＯ法人ｂｌｕ　ｇｕｅｒｒｉｅｒｏ",,399,"群馬県","伊勢崎市","八寸町５１６２番地１",,10,204,3792236,,,,,,,2016-02-29,0,,,,,"ブルグエリエーロ",0
380,2070005009144,11,1,2022-10-31,2018-12-12,"ＮＰＯ法人前橋ジュニア",,399,"群馬県","伊勢崎市","八寸町５１６２番地１",,10,204,3792236,,,,,,,2016-02-29,1,,,,,"マエバシジュニア",0
381,2080001000568,21,0,2022-10-31,2022-10-28,"株式会社漆畑会計センター",,301,"静岡県","静岡市葵区","鷹匠２丁目７番２－４０３号",,22,101,4200839,,,2022-10-28,01,,,2015-10-05,1,,,,,"ウルシバタカイケイセンター",0
382,2080002011226,01,1,2022-10-31,2015-10-05,"有限会社丸新商店",,302,"静岡県","静岡市清水区","島崎町５番４号",,22,103,4240823,,,,,,,2015-10-05,1,,,,,"マルシンショウテン",0
383,2080101016943,12,0,2022-10-31,2022-10-28,"カナデン株式会社",,301,"静岡県","富士宮市","粟倉１１１１番地の４",,22,207,4180011,,,,,,,2015-10-05,1,,,,,,0
384,2080401006017,01,1,2022-10-31,2015-10-05,"大東塗装株式会社",,301,"静岡県","湖西市","岡崎７５４番地の５",,22,221,4310422,,,,,,,2015-10-05,1,,,,,"ダイトウトソウ",0
385,2090001017181,01,1,2022-10-31,2021-09-06,"ｐ．ｃ．ｃ．メディアマーケティング株式会社",,301,"山梨県","甲府市","上石田３丁目８番８号３号室",,19,201,4000041,,,,,,,2021-09-06,1,,,,,"ピーシーシーメディアマーケティング",0
386,2100001005630,01,1,2022-10-31,2015-10-05,"株式会社玉井",,301,"長野県","須坂市","大字塩川５０８番地の１",,20,207,3820000,,,,,,,2015-10-05,1,,,,,"タマイ",0
387,2100001025785,01,1,2022-10-31,2015-10-05,"株式会社松山自動車ｉｎｖｔ",,301,"長野県","上田市","下武石６５７番地６",,20,203,3860503,,,,,,,2015-10-05,1,,,,,"マツヤマジドウシャアイエヌブイティ",0
388,2110001005530,21,0,2022-10-31,2022-10-27,"株式会社リーミックス",,301,"新潟県","新潟市東区","大山１丁目８番２０号",,15,102,9500067,,,2022-10-27,01,,,2015-10-05,1,,,,,"リーミックス",0
389,2110001019712,11,0,2022-10-31,2022-10-17,"株式会社小林事務所",,301,"新潟県","上越市","北城町４丁目１０番２号",,15,222,9430824,,,,,,,2015-10-05,1,,,,,"コバヤシジムショ",0
390,2110001025297,01,1,2022-10-31,2015-10-05,"井佐鉄工株式会社",,301,"新潟県","小千谷市","大字浦柄１２１６番地の１",,15,208,9470001,,,,,,,2015-10-05,1,,,,,"イサテッコウ",0
391,2120001024595,21,0,2022-10-31,2022-10-27,"上町ホーム株式会社",,301,"大阪府","大阪市北区","天神橋１丁目１９番６号",,27,127,5300041,,,2022-10-27,01,,,2015-10-05,1,,,,,"ウエマチホーム",0
392,2120001025247,01,1,2022-10-31,2015-10-05,"株式会社ベストワン",,301,"大阪府","大阪市生野区","巽西３丁目９番２６号",00027903,27,116,5440012,,,,,,,2015-10-05,1,,,,,"ベストワン",0
393,2120001049394,01,1,2022-10-31,2015-10-05,"克昌工業株式会社",,301,"大阪府","大阪市西淀川区","御幣島６丁目３番１５号",,27,113,5550012,,,,,,,2015-10-05,0,,,,,,0
394,2120001049394,11,1,2022-10-31,2017-12-01,"克昌インターナショナル株式会社",,301,"大阪府","大阪市西淀川区","御幣島６丁目３番１５号",,27,113,5550012,,,,,,,2015-10-05,0,,,,,,0
395,2120001049394,12,1,2022-10-31,2020-04-07,"克昌インターナショナル株式会社",,301,"東京都","渋谷区","千駄ヶ谷５丁目２６番５号",,13,113,1510051,,,,,,,2015-10-05,1,,,,,,0
396,2120001075853,01,1,2022-10-31,2015-10-05,"株式会社エムアンドエム",,301,"大阪府","大阪市中央区","内本町２丁目２番１４－１１０２号",,27,128,5400026,,,,,,,2015-10-05,0,,,,,"エムアンドエム",0
397,2120001075853,12,1,2022-10-31,2016-06-20,"株式会社エムアンドエム",,301,"大阪府","豊中市","新千里南町２丁目６番１２号第２ト－エイビル２階２０２号室",,27,203,5600084,,,,,,,2015-10-05,1,,,,,"エムアンドエム",0
398,2120001172428,01,1,2022-10-31,2015-10-05,"株式会社協新",,301,"大阪府","枚方市","招提大谷２丁目４０番５号",,27,210,5731153,,,,,,,2015-10-05,0,,,,,"キョウシン",0
399,2120001172428,12,1,2022-10-31,2017-10-12,"株式会社協新",,301,"大阪府","枚方市","長尾家具町２丁目６番地の２",,27,210,5730102,,,,,,,2015-10-05,1,,,,,"キョウシン",0
400,2120001196088,11,0,2022-10-31,2022-10-27,"株式会社Ｂ・Ｄｅｓｉｇｎ",,301,"大阪府","大阪市中央区","難波千日前１５番１５号ＢＲＡＶＥ難波７Ｆ",,27,128,5420075,,,,,,,2016-02-03,1,,,,,"ビーデザイン",0
401,2120001206895,01,1,2022-10-31,2017-07-14,"Ｍａｒｉｎｅｔｒａｎｓ　Ｊａｐａｎ株式会社",,301,"大阪府","大阪市中央区","内本町１丁目３番５号クロス・ロード内本町ビル９階９Ａ",,27,128,5400026,,,,,,,2017-07-14,0,,,,,"マリントランスジャパン",0
402,2120001206895,12,1,2022-10-31,2019-04-23,"Ｍａｒｉｎｅｔｒａｎｓ　Ｊａｐａｎ株式会社",,301,"大阪府","大阪市中央区","内本町１丁目３番５号",,27,128,5400026,,,,,,,2017-07-14,1,,,,,"マリントランスジャパン",0
403,2120001249630,01,0,2022-10-31,2022-10-31,"株式会社ノアレア",,301,"大阪府","大阪市中央区","西心斎橋１丁目１０番１７号ポポロビル４階Ｓ号",,27,128,5420086,,,,,,,2022-10-31,1,,,,,"ノアレア",0
404,2120001249829,01,0,2022-10-31,2022-10-31,"株式会社ＷＥＥＳ",,301,"大阪府","大阪市北区","天神橋３丁目８－１５プレサンス扇町駅前２０９号室",,27,127,5300041,,,,,,,2022-10-31,1,,,,,"ウィース",0
405,2120001249861,01,0,2022-10-31,2022-10-31,"結Ｈｅａｌｔｈ株式会社",,301,"大阪府","寝屋川市","木田町２番１１号",,27,215,5720836,,,,,,,2022-10-31,1,,,,,"ユイヘルス",0
406,2120003022738,01,0,2022-10-31,2022-10-31,"合同会社ＵＴＳ",,305,"大阪府","大阪市中央区","上汐２丁目１番１０号３０２",,27,128,5420064,,,,,,,2022-10-31,1,,,,,"ユーティエス",0
407,2120005017736,01,1,2022-10-31,2015-10-05,"一般社団法人ラ・ビスタ",,399,"大阪府","大阪市生野区","田島２丁目２番２３号",,27,116,5440011,,,,,,,2015-10-05,1,,,,,"ラビスタ",0
408,2120101066439,01,0,2022-10-31,2022-10-31,"日本騰龍株式会社",,301,"大阪府","堺市中区","辻之１１７１－７－１階",00128300,27,142,5998245,,,,,,,2022-10-31,1,,,,,"ニッポントウリュウ",0
409,2120102001980,01,1,2022-10-31,2015-10-05,"堺グロウ有限会社",,302,"大阪府","堺市堺区","東湊町３丁１８６番地",,27,141,5900829,,,,,,,2015-10-05,1,,,,,"サカイグロウ",0
410,2120901019141,01,1,2022-10-31,2015-10-05,"株式会社Ａ＆Ｔ",,301,"大阪府","吹田市","千里山西１丁目３７番４６－１０１号",,27,205,5650851,,,,,,,2015-10-05,0,,,,,"エイアンドティ",0
411,2120901019141,12,1,2022-10-31,2022-10-26,"株式会社Ａ＆Ｔ",,301,"大阪府","吹田市","出口町３２番１８－１０３号",,27,205,5640072,,,,,,,2015-10-05,1,,,,,"エイアンドティ",0
412,2120901046656,01,0,2022-10-31,2022-10-31,"株式会社ＬｉＴ",,301,"大阪府","豊中市","上野東１丁目２０番１４号",,27,203,5600013,,,,,,,2022-10-31,1,,,,,"リット",0
413,2120901046664,01,0,2022-10-31,2022-10-31,"株式会社Ｍａｔｓｕｄａ　Ｏｆｆｉｃｅ",,301,"大阪府","豊中市","寺内１丁目４番１０－２０２号",,27,203,5610872,,,,,,,2022-10-31,1,,,,,"マツダオフィス",0
414,2120905006391,01,0,2022-10-31,2022-10-31,"司法書士法人和み",,399,"大阪府","高槻市","南芥川町８番３２号ニューサンハイツ２０３",,27,207,5691124,,,,,,,2022-10-31,1,,,,,"ナゴミ",0
415,2122001012621,12,0,2022-10-31,2022-10-27,"大興トップス株式会社",,301,"大阪府","茨木市","上中条１丁目１番４１号",,27,211,5670881,,,,,,,2015-10-05,1,,,,,"ダイコウトップス",0
416,2122001020962,01,1,2022-10-31,2015-10-05,"株式会社三幸製作所",,301,"大阪府","柏原市","円明町１０００番地の１２０",,27,221,5820027,,,,,,,2015-10-05,1,,,,,"サンコウセイサクショ",0
417,2130001000983,01,1,2022-10-31,2015-10-05,"株式会社尚雅堂",,301,"京都府","京都市右京区","太秦門田町４番地１",,26,108,6168117,,,,,,,2015-10-05,1,,,,,"ショウガドウ",0
418,2130001050616,01,1,2022-10-31,2015-10-05,"株式会社正巧",,301,"京都府","京都市左京区","一乗寺払殿町６番地",,26,103,6068184,,,,,,,2015-10-05,1,,,,,"セイコウ",0
419,2130001072098,12,0,2022-10-31,2022-10-24,"株式会社ＡＩＲＩＳ",,301,"京都府","京都市山科区","音羽初田町６－１第二エバグレース音羽１０２号室",,26,110,6078078,,,,,,,2022-06-30,1,,,,,"アイリス",0
420,2130002004190,01,1,2022-10-31,2015-10-05,"有限会社パレットコーポレーション",,302,"京都府","京都市北区","紫野上築山町４１番地",,26,101,6038221,,,,,,,2015-10-05,1,,,,,"パレットコーポレーション",0
421,2130002016640,01,1,2022-10-31,2015-10-05,"有限会社セイザン",,302,"京都府","京都市中京区","壬生松原町１番地の４８",,26,104,6048823,,,,,,,2015-10-05,1,,,,,"セイザン",0
422,2130002034329,01,1,2022-10-31,2015-10-05,"有限会社酒井製作所",,302,"京都府","舞鶴市","大字堂奥小字笠神１６６５番地",,26,202,6250000,,,,,,,2015-10-05,1,,,,,"サカイセイサクショ",0
423,2130005016217,01,1,2022-10-31,2021-07-07,"一般社団法人ＢＡＳＥ",,399,"京都府","京都市下京区","四条通柳馬場東入立売東町７番地",,26,106,6008005,,,,,,,2021-07-07,1,,,,,"ベイス",0
424,2140001009140,12,0,2022-10-31,2022-10-21,"大和開発産業株式会社",,301,"兵庫県","神戸市北区","有馬町１９９番地の２８号エイジングコート有馬４２０号",,28,109,6511401,,,,,,,2015-10-05,1,,,,,,0
425,2140001018629,01,1,2022-10-31,2015-10-05,"東豊物産株式会社",,301,"兵庫県","神戸市長田区","細田町４丁目１番２３号",,28,106,6530835,,,,,,,2015-10-05,1,,,,,"トウホウブッサン",0
426,2140001043073,01,1,2022-10-31,2015-10-05,"株式会社創美",,301,"兵庫県","加古川市","加古川町大野１４３３番地",,28,210,6750061,,,,,,,2015-10-05,1,,,,,"ソウビ",0
427,2140001043800,01,1,2022-10-31,2015-10-05,"株式会社リバーヘッズ",,301,"兵庫県","加古川市","平岡町西谷８３番地",,28,210,6750102,,,,,,,2015-10-05,1,,,,,"リバーヘッズ",0
428,2140001055886,01,1,2022-10-31,2015-10-05,"株式会社キタムラ",,301,"兵庫県","豊岡市","野田字河原田１５番地",,28,209,6680014,,,,,,,2015-10-05,0,,,,,"キタムラ",0
429,2140001055886,21,0,2022-10-31,2022-10-28,"株式会社キタムラ",,301,"兵庫県","豊岡市","野田字河原田１５番地",,28,209,6680014,,,2022-10-28,01,,,2015-10-05,1,,,,,"キタムラ",0
430,2140001073839,01,1,2022-10-31,2015-10-05,"ミズマックス株式会社",,301,"兵庫県","西宮市","石在町２番３号",,28,204,6620928,,,,,,,2015-10-05,1,,,,,"ミズマックス",0
431,2140001127834,01,0,2022-10-31,2022-10-31,"株式会社ＶＡＬＥＮＴＩＡ",,301,"兵庫県","西宮市","笠屋町９番６号",,28,204,6638136,,,,,,,2022-10-31,1,,,,,"バレンティア",0
432,2140002050556,01,1,2022-10-31,2015-10-05,"有限会社福井電機商会",,302,"兵庫県","姫路市","青山２丁目１１番１号",,28,201,6712222,,,,,,,2015-10-05,1,,,,,"フクイデンキショウカイ",0
433,2140002064878,01,1,2022-10-31,2015-10-05,"有限会社メカニック",,302,"兵庫県","川西市","西畦野２丁目１５番２０号",,28,217,6660155,,,,,,,2015-10-05,1,,,,,"メカニック",0
434,2140003018288,01,0,2022-10-31,2022-10-31,"合同会社ＳＡＮＴＡＫＵ",,305,"兵庫県","宝塚市","高司３丁目２番２３－２号",,28,214,6650051,,,,,,,2022-10-31,1,,,,,"サンタク",0
435,2140005026355,01,0,2022-10-31,2022-10-31,"無量寺",,399,"兵庫県","宝塚市","安倉中５丁目２４番６号",,28,214,6650822,,,,,,,2022-10-31,1,,,,,,0
436,2150001025913,01,0,2022-10-31,2022-10-31,"株式会社はらだ",,301,"奈良県","奈良市","押熊町２３２９番地の２３",,29,201,6310011,,,,,,,2022-10-31,1,,,,,"ハラダ",0
437,2150005008724,01,1,2022-10-31,2016-05-02,"特定非営利活動法人アクト",,399,"奈良県","北葛城郡広陵町","馬見南３丁目１２－３３",,29,426,6350833,,,,,,,2016-05-02,1,,,,,"アクト",0
438,2160001021119,21,0,2022-10-31,2022-10-28,"Ｔａｂｉｂｉｔｏ株式会社",,301,"滋賀県","野洲市","西河原２２５４番地１",,25,210,5202423,,,2022-10-28,01,,,2018-08-10,1,,,,,"タビビト",0
439,2170001003371,21,0,2022-10-31,2022-10-28,"株式会社山紀商店",,301,"和歌山県","和歌山市","湊御殿２丁目６番地の２４",,30,201,6408286,,,2022-10-28,01,,,2015-10-05,1,,,,,"ヤマキショウテン",0
440,2170001007579,01,1,2022-10-31,2015-10-05,"株式会社オレンジロードＹＹ",,301,"和歌山県","有田郡有田川町","大字奥６０３番地１",,30,366,6430022,,,,,,,2015-10-05,1,,,,,"オレンジロードワイワイ",0
441,2170001009633,01,1,2022-10-31,2015-10-05,"株式会社ライフサポート",,301,"和歌山県","田辺市","新万３番１９号",,30,206,6460014,,,,,,,2015-10-05,1,,,,,"ライフサポート",0
442,2180001021918,12,0,2022-10-31,2022-10-25,"三邦株式会社",,301,"愛知県","名古屋市瑞穂区","春山町１０番地３－１０５",,23,108,4670024,,,,,,,2015-10-05,1,,,,,"サンホウ",0
443,2180001026801,01,1,2022-10-31,2015-10-05,"林鋳造株式会社",,301,"愛知県","名古屋市西区","児玉２丁目２番６号",,23,104,4510066,,,,,,,2015-10-05,1,,,,,"ハヤシチュウゾウ",0
444,2180001046626,21,0,2022-10-31,2022-10-26,"アイチサービス株式会社",,301,"愛知県","名古屋市東区","筒井３丁目２７番２５号",,23,102,4610003,,,2022-10-26,01,,,2015-10-05,1,,,,,"アイチサービス",0
445,2180001111388,01,1,2022-10-31,2015-10-05,"株式会社ＫＡＴＯ",,301,"愛知県","東海市","高横須賀町御洲浜１８番地１",,23,222,4770037,,,,,,,2015-10-05,1,,,,,"カトー",0
446,2180001122162,12,0,2022-10-31,2022-10-25,"株式会社アクセスコア",,301,"愛知県","名古屋市昭和区","広路町字隼人２５－１－１０８",,23,107,4660834,,,,,,,2016-02-17,1,,,,,"アクセスコア",0
447,2180001129091,01,1,2022-10-31,2017-08-17,"西冨熔接工業株式会社",,301,"愛知県","稲沢市","幸町９６番地２",,23,220,4928221,,,,,,,2017-08-17,1,,,,,"ニシトミヨウセツコウギョウ",0
448,2180001153232,12,0,2022-10-31,2022-10-21,"株式会社愛豊工業",,301,"愛知県","名古屋市中村区","名駅４丁目２４－１６",,23,105,4500002,,,,,,,2022-10-03,1,,,,,"アイホウコウギョウ",0
449,2180001153538,01,0,2022-10-31,2022-10-31,"株式会社８８ｗｏｒｋｓ",,301,"愛知県","春日井市","東山町２丁目２番２５号",,23,206,4860811,,,,,,,2022-10-31,1,,,,,"ハチハチワークス",0
450,2180001153562,01,0,2022-10-31,2022-10-31,"轟レーシング株式会社",,301,"愛知県","西春日井郡豊山町","大字青山字東栄１１３番地",,23,342,4800201,,,,,,,2022-10-31,1,,,,,"トドロキレーシング",0
451,2180001153570,01,0,2022-10-31,2022-10-31,"株式会社アビリディー",,301,"愛知県","名古屋市天白区","高島１丁目１２２番地の１",,23,116,4680022,,,,,,,2022-10-31,1,,,,,"アビリディー",0
452,2180001153579,01,0,2022-10-31,2022-10-31,"株式会社Ｂｅ　ａｃｔｉｖｅ",,301,"愛知県","小牧市","外堀１丁目３番地３",,23,219,4850039,,,,,,,2022-10-31,1,,,,,"ビーアクティブ",0
453,2180001153587,01,0,2022-10-31,2022-10-31,"株式会社ＡＬＢＡ",,301,"愛知県","一宮市","明地字寺前９３番地",,23,203,4940012,,,,,,,2022-10-31,1,,,,,"アルバ",0
454,2180002019473,01,1,2022-10-31,2015-10-05,"有限会社三杉製作所",,302,"愛知県","名古屋市中川区","花塚町１丁目８５番地",00080570,23,110,4540052,,,,,,,2015-10-05,1,,,,,"ミスギセイサクショ",0
455,2180002021909,01,1,2022-10-31,2015-10-05,"有限会社永井製作所",,302,"愛知県","名古屋市天白区","野並１丁目１４番地の２",,23,116,4680045,,,,,,,2015-10-05,1,,,,,"ナガイセイサクショ",0
456,2180002026387,01,1,2022-10-31,2015-10-05,"有限会社久永精肉店",,302,"愛知県","名古屋市緑区","浦里４丁目２１４番地",,23,114,4580847,,,,,,,2015-10-05,1,,,,,"ヒサナガセイニクテン",0
457,2180002042814,01,1,2022-10-31,2015-10-05,"有限会社アオイサンキサービス",,302,"愛知県","名古屋市中区","新栄１丁目２６番１８号",,23,106,4600007,,,,,,,2015-10-05,1,,,,,"アオイサンキサービス",0
458,2180002054124,21,0,2022-10-31,2022-10-24,"有限会社丸千",,302,"愛知県","名古屋市中村区","名駅４丁目１３番３号",,23,105,4500002,,,2022-10-24,01,,,2015-10-05,1,,,,,"マルセン",0
459,2200002006964,11,0,2022-10-31,2022-10-28,"有限会社ＬＩＢＥＲＡ",,302,"岐阜県","岐阜市","日野南５丁目４番１号",,21,201,5008212,,,,,,,2015-10-05,1,,,,,"リベラ",0
460,2200002018316,01,1,2022-10-31,2015-10-05,"有限会社リゲル",,302,"岐阜県","可児市","今渡１１４９番地１",,21,214,5090207,,,,,,,2015-10-05,0,,,,,"リゲル",0
461,2200002018316,12,1,2022-10-31,2022-10-25,"有限会社リゲル",,302,"岐阜県","可児市","下恵土７５番地３",,21,214,5090203,,,,,,,2015-10-05,1,,,,,"リゲル",0
462,2210002000223,01,1,2022-10-31,2015-10-05,"有限会社アムス",,302,"福井県","福井市","大宮６丁目７番５号",,18,201,9100016,,,,,,,2015-10-05,1,,,,,"アムス",0
463,2220001014280,01,1,2022-10-31,2015-10-05,"トミタサポート株式会社",,301,"石川県","金沢市","有松１丁目５番１号",,17,201,9218161,,,,,,,2015-10-05,1,,,,,"トミタサポート",0
464,2220001025105,01,0,2022-10-31,2022-10-31,"株式会社アースベンチャー",,301,"石川県","河北郡津幡町","字太田ち２１番地２２",,17,361,9290345,,,,,,,2022-10-31,1,,,,,"アースベンチャー",0
465,2230001017712,11,0,2022-10-31,2022-10-26,"株式会社ひなた家",,301,"富山県","南砺市","やかた２１３番地ＦＣＣハイム２－１０３号",,16,210,9391576,,,,,,,2018-12-27,1,,,,,"ヒナタヤ",0
466,2240001012209,01,1,2022-10-31,2015-10-05,"横川工業株式会社",,301,"広島県","広島市佐伯区","藤の木２丁目２７番１号",,34,108,7315103,,,,,,,2015-10-05,0,,,,,"ヨコガワコウギョウ",0
467,2240001012209,21,0,2022-10-31,2022-10-28,"横川工業株式会社",,301,"広島県","広島市佐伯区","藤の木２丁目２７番１号",,34,108,7315103,,,2022-10-28,01,,,2015-10-05,1,,,,,"ヨコガワコウギョウ",0
468,2250001019822,01,0,2022-10-31,2022-10-31,"株式会社ＹＳＴＫ",,301,"山口県","下関市","豊北町大字粟野３５５５番地",,35,201,7595101,,,,,,,2022-10-31,1,,,,,"ワイエスティーケー",0
469,2260002009747,01,1,2022-10-31,2015-10-05,"有限会社ミツワ商会",,302,"岡山県","岡山市北区","平和町６番１４号",,33,101,7000827,,,,,,,2015-10-05,1,,,,,"ミツワショウカイ",0
470,2280001008806,01,0,2022-10-31,2022-10-31,"有福コトつくり株式会社",,301,"島根県","江津市","有福温泉町１１２３番地１２",,32,207,6950156,,,,,,,2022-10-31,1,,,,,"アリフクコトツクリ",0
471,2290001049329,01,1,2022-10-31,2015-10-05,"西村商事株式会社",,301,"福岡県","久留米市","小頭町１０番地の６",,40,203,8300045,,,,,,,2015-10-05,1,,,,,"ニシムラショウジ",0
472,2290001060649,12,0,2022-10-31,2022-10-26,"株式会社快",,301,"福岡県","福岡市南区","鶴田４丁目１４番２２号",,40,134,8111352,,,,,,,2015-10-05,1,,,,,"カイ",0
473,2290001078419,01,1,2022-10-31,2017-07-14,"株式会社ＮＯＲＯＳＨＩ",,301,"福岡県","福岡市中央区","天神１丁目１５番３２号天神ＭＴビル６Ｆ",,40,133,8100001,,,,,,,2017-07-14,1,,,,,"ノロシ",0
474,2290002043256,01,1,2022-10-31,2015-10-05,"有限会社エフツーアート",,302,"福岡県","太宰府市","大字内山４２３番地１",,40,221,8180115,,,,,,,2015-10-05,0,,,,,"エフツーアート",0
475,2290002043256,12,1,2022-10-31,2022-10-26,"有限会社エフツーアート",,302,"福岡県","太宰府市","大字内山９５６番２",,40,221,8180115,,,,,,,2015-10-05,1,,,,,"エフツーアート",0
476,2290003009751,12,0,2022-10-31,2022-10-26,"オールサポート福岡合同会社",,305,"福岡県","糸島市","有田中央２丁目８番８号",,40,230,8191127,,,,,,,2020-02-10,1,,,,,"オールサポートフクオカ",0
477,2290003013118,01,0,2022-10-31,2022-10-31,"Ｄ＆Ｐ合同会社",,305,"福岡県","福岡市南区","那の川１丁目１１番２－１０３号",,40,134,8150081,,,,,,,2022-10-31,1,,,,,"ディーアンドピー",0
478,2290801013995,01,1,2022-10-31,2015-10-05,"おたま本舗なか川株式会社",,301,"福岡県","北九州市小倉南区","下貫１丁目１６番１１号",,40,107,8000236,,,,,,,2015-10-05,1,,,,,"オタマホンポナカガワ",0
479,2290801023879,11,0,2022-10-31,2022-10-28,"株式会社ＪＷ商会",,301,"福岡県","北九州市小倉南区","湯川３丁目８番２０号",,40,107,8000257,,,,,,,2017-08-07,1,,,,,"ジェイダブリューショウカイ",0
480,2290802003368,01,1,2022-10-31,2015-10-05,"有限会社末永メディカル",,302,"福岡県","北九州市小倉北区","中津口１丁目１０番３２号",,40,106,8020018,,,,,,,2015-10-05,0,,,,,"スエナガメディカル",0
481,2290802003368,12,1,2022-10-31,2022-06-22,"有限会社末永メディカル",,302,"福岡県","北九州市若松区","本町２丁目１４番３号",,40,103,8080034,,,,,,,2015-10-05,1,,,,,"スエナガメディカル",0
482,2300001012490,12,0,2022-10-31,2022-10-27,"株式会社スリーエイト",,301,"福岡県","福岡市南区","玉川町６番２０－２０５",,40,134,8150037,,,,,,,2021-05-14,1,,,,,"スリーエイト",0
483,2320001001137,21,0,2022-10-31,2022-10-28,"株式会社ことぶきや仏壇店",,301,"大分県","大分市","大道町３丁目２番２０号",,44,201,8700822,,,2022-10-28,01,,,2015-10-05,1,,,,,"コトブキヤブツダンテン",0
484,2340001025118,01,0,2022-10-31,2022-10-31,"株式会社シーズファーム",,301,"鹿児島県","熊毛郡南種子町","平山９１９番１",,46,502,8913702,,,,,,,2022-10-31,1,,,,,"シーズファーム",0
485,2340005008275,01,1,2022-10-31,2015-10-05,"一般社団法人南洲会",,399,"鹿児島県","鹿児島市","東谷山２丁目５番８号",,46,201,8910113,,,,,,,2015-10-05,1,,,,,"ナンシュウカイ",0
486,2370002016930,01,1,2022-10-31,2015-10-05,"有限会社菜々草",,302,"宮城県","仙台市泉区","長命ケ丘４丁目２１番地の３",,04,105,9813212,,,,,,,2015-10-05,1,,,,,"ナナクサ",0
487,2370005000122,01,1,2022-10-31,2015-10-05,"公益社団法人宮城県青果物価格安定相互補償協会",,399,"宮城県","仙台市若林区","卸町５丁目１番８号",,04,103,9840015,,,,,,,2015-10-05,1,,,,,,0
488,2380001001817,01,1,2022-10-31,2015-10-05,"株式会社ローカル・エリア・ネットワークス",,301,"福島県","福島市","曽根田町６番４１号",,07,201,9608051,,,,,,,2015-10-05,1,,,,,"ローカルエリアネットワークス",0
489,2380001004448,01,1,2022-10-31,2015-10-05,"旭金属工業株式会社",,301,"福島県","郡山市","田村町下行合字田ノ保下１番地１８",,07,203,9630726,,,,,,,2015-10-05,1,,,,,"アサヒキンゾクコウギョウ",0
490,2380001007871,01,1,2022-10-31,2015-10-05,"株式会社近野左官工業",,301,"福島県","田村郡小野町","大字小野新町字前久保４１番地２",,07,522,9633401,,,,,,,2015-10-05,1,,,,,"コンノサカンコウギョウ",0
491,2380001009199,12,0,2022-10-31,2022-10-27,"株式会社安藤商事",,301,"東京都","世田谷区","弦巻２丁目１８番２０－１１０号",,13,112,1540016,,,,,,,2015-10-05,1,,,,,"アンドウショウジ",0
492,2380001024941,01,1,2022-10-31,2015-10-05,"ガレージサービス・カノウヤ株式会社",,301,"福島県","いわき市","南台１丁目２５番地の１",,07,204,9748242,,,,,,,2015-10-05,1,,,,,"ガレージサービスカノウヤ",0
493,2390005002934,12,0,2022-10-31,2022-10-27,"医療法人社団斎藤整形外科医院",,399,"岩手県","花巻市","西宮野目第６地割１６７番地１",,03,205,0250002,,,,,,,2015-10-05,1,,,,,"サイトウセイケイゲカイイン",0
494,2400001009386,01,1,2022-10-31,2015-10-05,"株式会社米田電気工事",,301,"岩手県","滝沢市","巣子１８７番地１８",,03,216,0200611,,,,,,,2015-10-05,1,,,,,"マイタデンキコウジ",0
495,2400001016044,01,0,2022-10-31,2022-10-31,"株式会社ひみつきち",,301,"岩手県","陸前高田市","高田町字太田７０６番地２",,03,210,0292205,,,,,,,2022-10-31,1,,,,,"ヒミツキチ",0
496,2400003002991,01,0,2022-10-31,2022-10-31,"合同会社リプレイスメント",,305,"岩手県","盛岡市","上ノ橋町１番５０号",,03,201,0200887,,,,,,,2022-10-31,1,,,,,"リプレイスメント",0
497,2420001011571,21,0,2022-10-31,2022-10-25,"ニコクホーム株式会社",,301,"青森県","上北郡おいらせ町","二川目３丁目５７番地３",,02,412,0392201,,,2022-10-25,01,,,2015-10-05,1,,,,,"ニコクホーム",0
498,2430001040396,21,0,2022-10-31,2022-10-18,"株式会社連多流堂",,301,"北海道","札幌市東区","北三十五条東１４丁目１番１号",,01,103,0070835,,,2022-10-18,01,,,2015-10-05,1,,,,,"レンタルドウ",0
499,2430001045296,12,0,2022-10-31,2022-10-20,"株式会社不動産事務所ネット",,301,"北海道","石狩郡当別町","弥生５２番地７",,01,303,0610223,,,,,,,2015-10-05,1,,,,,,0
500,2430001060122,01,1,2022-10-31,2015-10-05,"株式会社ＳＰＥＣ",,301,"北海道","札幌市中央区","南九条西９丁目１番３２号",,01,101,0640809,,,,,,,2015-10-05,0,,,,,"スペック",0
501,2430001060122,12,1,2022-10-31,2016-07-07,"株式会社ＳＰＥＣ",,301,"北海道","札幌市中央区","南五条西３丁目１０番地ニューすすきのビル",,01,101,0640805,,,,,,,2015-10-05,0,,,,,"スペック",0
502,2430001060122,12,1,2022-10-31,2022-10-18,"株式会社ＳＰＥＣ",,301,"北海道","札幌市中央区","南四条西２丁目８番地１０ダイメックスプラザ５番館",,01,101,0640804,,,,,,,2015-10-05,1,,,,,"スペック",0
503,2430001087677,01,0,2022-10-31,2022-10-31,"株式会社ＢＥＳ",,301,"北海道","札幌市中央区","北四条西１６丁目１番地",,01,101,0600004,,,,,,,2022-10-31,1,,,,,"ベス",0
504,2430003011643,12,0,2022-10-31,2022-10-20,"株式会社ａｓｉｒ",,301,"北海道","札幌市白石区","中央二条６丁目１－３８ＳＯＣ白石１Ｆ",,01,104,0030012,,,,,,,2020-06-10,1,,,,,"アシリ",0
505,2470001011047,01,1,2022-10-31,2015-10-05,"株式会社多田鉄工所",,301,"香川県","さぬき市","大川町富田中２０７７番地",,37,206,7610902,,,,,,,2015-10-05,1,,,,,"タダテッコウショ",0
506,2500001008428,01,1,2022-10-31,2015-10-05,"前田運輸株式会社",,301,"愛媛県","八幡浜市","１５１０番地の９",,38,204,7960088,,,,,,,2015-10-05,0,,,,,"マエダウンユ",0
507,2500001008428,12,1,2022-10-31,2022-10-26,"前田運輸株式会社",,301,"愛媛県","八幡浜市","昭和通１５１０番地９",,38,204,7960037,,,,,,,2015-10-05,1,,,,,"マエダウンユ",0
508,2500001022429,12,0,2022-10-31,2022-10-27,"株式会社ＧＸ",,301,"愛媛県","松山市","清水町２丁目１３番地１５",,38,201,7900823,,,,,,,2019-12-20,1,,,,,"ジーエックス",0
509,2500001024557,01,0,2022-10-31,2022-10-31,"株式会社ＺＥＮＴＥＣＨ",,301,"愛媛県","西条市","大町２６５－１",,38,206,7930030,,,,,,,2022-10-31,1,,,,,"ゼンテック",0
510,2700150002046,11,0,2022-10-31,2021-12-31,"Ｆｉｄｅｎｔｉａ　Ｎｏ２０５　ＬＬＰ",,401,"東京都","千代田区","霞が関３丁目２－６東京倶楽部ビルディング６階",,13,101,1000013,"Ｏｎｅ　Ｌｉｍｅ　Ｓｔｒｅｅｔ　Ｌｏｎｄｏｎ　ＥＣ３Ｍ　７ＨＡ　ＵＫ",,,,,,2015-10-09,1,,,,,"フイデンテイアナンバーツーゼロフアイブエルエルピー",0
511,2700150092566,12,0,2022-10-31,2022-09-27,"ＣＯＬＯＭＢＯ　ＡＵＴＯ　ＴＲＡＤＩＮＧ",,401,"千葉県","匝瑳市","西小笹字和曽根１０７３－８",,12,235,2892125,"スリランカ民主社会主義共和国、ＮＯ．１９２、キャンディロード、ガンポラ、キャンディ",,,,,,2019-01-24,1,,,,,"コロンボオートトレーデイング",0
512,2700150111771,01,0,2022-10-31,2022-09-21,"日本ＭＲＳ水素科学技術連携研究会",,499,"宮城県","仙台市青葉区","片平２丁目１－１東北大学金属材料研究所４号館４１１号室　折茂研究室",,04,101,9800812,,,,,,,2022-09-21,1,,,,,"ニホンエムアールエススイソカガクギジユツレンケイケンキユウカイ",0
513,2700150112423,01,0,2022-10-31,2022-10-31,"Ｍａｋｅｒ　ｈａｒｔ　Ｉｎｄｕｓｔｒｙ　Ｃｏｒｐ．",,401,,,,,,,,"Ｎｏ．３２，ｋｅｊｉ　１ｓｔ　Ｒｄ．，Ｇｕｉｓｈａｎ　Ｔｏｗｎｓｈｉｐ，Ｔａｏｙｕａｎ　Ｃｉｔｙ　Ｔａｏｙｕａｎ　Ｔａｉｗａｎ　３３３８３",,,,,,2022-10-31,1,,,,,"メイカーハートインダストリーコーポレーシヨン",0
514,3010001028714,01,1,2022-10-31,2015-10-05,"株式会社ふるさと往来センター",,301,"東京都","千代田区","神田錦町１丁目１４番４号",,13,101,1010054,,,,,,,2015-10-05,1,,,,,"フルサトオウライセンター",0
515,3010001059222,01,1,2022-10-31,2015-10-05,"株式会社山之内システムサービス",,301,"東京都","中央区","築地６丁目６番１２号",,13,102,1040045,,,,,,,2015-10-05,0,,,,,"ヤマノウチシステムサービス",0
516,3010001059222,12,0,2022-10-31,2022-10-27,"株式会社山之内システムサービス",,301,"東京都","江東区","門前仲町２丁目６番５号",,13,108,1350048,,,,,,,2015-10-05,1,,,,,"ヤマノウチシステムサービス",0
517,3010001110991,12,0,2022-10-31,2022-10-25,"株式会社ポジティーボ",,301,"東京都","千代田区","平河町２丁目４番１３号",,13,101,1020093,,,,,,,2015-10-05,1,,,,,"ポジティーボ",0
518,3010001128274,01,1,2022-10-31,2015-10-05,"株式会社プラスパシステムズ",,301,"東京都","千代田区","鍛冶町２丁目３番１号",,13,101,1010044,,,,,,,2015-10-05,1,,,,,"プラスパシステムズ",0
519,3010001180498,12,0,2022-10-31,2022-10-25,"株式会社櫻和堂",,301,"東京都","中央区","築地７丁目７－２クレジデンス東銀座４０１",,13,102,1040045,,,,,,,2016-12-28,1,,,,,"オウワドウ",0
520,3010001221269,12,0,2022-10-31,2022-10-25,"株式会社マスターマインド・ジャパン",,301,"東京都","中央区","銀座４丁目８番２号三福ビル３階",,13,102,1040061,,,,,,,2021-09-28,1,,,,,"マスターマインドジャパン",0
521,3010005003432,01,1,2022-10-31,2015-10-05,"公益財団法人留学生支援企業協力推進協会",,399,"東京都","中央区","日本橋１丁目２０番５号",,13,102,1030027,,,,,,,2015-10-05,1,"FOUNDATION OF CORPORATE FRIENDSHIP NETWORK FOR FOREIGN STUDENTS","Tokyo","1-20-5, Chuo ku, Nihombashi",,"リュウガクセイシエンキギョウキョウリョクスイシンキョウカイ",0
522,3010005007474,11,0,2022-10-31,2022-10-25,"あおい監査法人",,399,"東京都","港区","麻布台１丁目９番１４号",,13,103,1060041,,,,,,,2015-10-05,1,,,,,"アオイ",0
523,3010005027019,01,1,2022-10-31,2017-06-27,"一般社団法人ＳＴＥＭ教育協会",,399,"東京都","千代田区","内神田四丁目２番２号",,13,101,1000000,,,,,,,2017-06-27,0,,,,,"エスティイーエムキョウイクキョウカイ",0
524,3010005027019,12,1,2022-10-31,2017-07-18,"一般社団法人ＳＴＥＭ教育協会",,399,"東京都","千代田区","外神田６丁目３番８号",,13,101,1010021,,,,,,,2017-06-27,1,,,,,"エスティイーエムキョウイクキョウカイ",0
525,3010005032910,12,0,2022-10-31,2022-10-26,"一般社団法人不動産相談の窓口",,399,"東京都","足立区","西綾瀬１丁目８番１３－３１４号",,13,121,1200014,,,,,,,2021-02-26,1,,,,,"フドウサンソウダンノマドグチ",0
526,3010401049459,21,0,2022-10-31,2022-10-13,"バッテリーシステムサービス株式会社",,301,"東京都","港区","浜松町２丁目２番１５号",,13,103,1050013,,,2022-10-13,01,,,2015-10-05,1,,,,,"バッテリーシステムサービス",0
527,3010401113149,12,0,2022-10-31,2022-10-11,"株式会社ラバブルマーケティンググループ",,301,"東京都","港区","虎ノ門４丁目１番１３号",,13,103,1050001,,,,,,,2015-10-05,1,,,,,"ラバブルマーケティンググループ",0
528,3010401152519,12,0,2022-10-31,2022-10-26,"Ｆｏｕｒ　Ｌｕｃｋｙ商事株式会社",,301,"東京都","豊島区","上池袋１丁目３２番２０－２１０号",,13,116,1700012,,,,,,,2020-04-24,1,,,,,"フォーラッキーショウジ",0
529,3010401157195,01,1,2022-10-31,2020-12-21,"株式会社ＭＯＶＥ’Ｓ",,301,"東京都","港区","赤坂７丁目１０番６号",,13,103,1070052,,,,,,,2020-12-21,0,,,,,,0
530,3010401157195,12,1,2022-10-31,2021-01-08,"株式会社ＭＯＶＥ’Ｓ",,301,"東京都","渋谷区","渋谷１丁目１番１０号",,13,113,1500002,,,,,,,2020-12-21,0,,,,,,0
531,3010401157195,12,1,2022-10-31,2022-06-10,"株式会社ＭＯＶＥ’Ｓ",,301,"東京都","渋谷区","代々木１丁目２５番５号",,13,113,1510053,,,,,,,2020-12-21,1,,,,,,0
532,3010401158409,12,0,2022-10-31,2022-10-12,"株式会社オンラインマスター",,301,"東京都","港区","赤坂４丁目１３番５号",,13,103,1070052,,,,,,,2021-03-01,1,,,,,"オンラインマスター",0
533,3010401159786,12,0,2022-10-31,2022-10-12,"ペッパー株式会社",,301,"東京都","港区","赤坂６丁目１９番４１－３０４号",,13,103,1070052,,,,,,,2021-04-22,1,,,,,"ペッパー",0
534,3010401160182,12,0,2022-10-31,2022-10-27,"株式会社Ｍｒ．ｃｈｉｌｌ",,301,"東京都","目黒区","上目黒３丁目７番８号世拡ビル３階",,13,110,1530051,,,,,,,2021-05-18,1,,,,,"ミスターチル",0
535,3010401163268,12,0,2022-10-31,2022-10-20,"ＳｐｏＷｅｌｌ　Ｌａｂ株式会社",,301,"佐賀県","武雄市","武雄町昭和６番地１－９０３",,41,206,8430000,,,,,,,2021-10-14,1,,,,,"スポウェルラボ",0
536,3010402009809,01,1,2022-10-31,2015-10-05,"有限会社ニッショウ",,302,"東京都","港区","白金台２丁目１２番２０号－１０２",,13,103,1080071,,,,,,,2015-10-05,0,,,,,"ニッショウ",0
537,3010402009809,12,1,2022-10-31,2022-10-11,"有限会社ニッショウ",,302,"東京都","港区","白金台３丁目１６－１０－２０１",,13,103,1080071,,,,,,,2015-10-05,1,,,,,"ニッショウ",0
538,3010403020938,11,0,2022-10-31,2022-10-12,"合同会社ハコワークス",,305,"東京都","港区","浜松町２丁目２番１５号",,13,103,1050013,,,,,,,2019-06-25,1,,,,,"ハコワークス",0
539,3010403028329,12,0,2022-10-31,2022-10-11,"ＥＳＱＵＩＲＥ合同会社",,305,"東京都","港区","六本木６丁目１０－１六本木ヒルズ森タワー１６階",,13,103,1060032,,,,,,,2022-09-02,1,,,,,"エスクワイア",0
540,3010403028799,01,0,2022-10-31,2022-10-31,"合同会社新東京リサーチ",,305,"東京都","港区","愛宕１丁目３－２",,13,103,1050002,,,,,,,2022-10-31,1,,,,,"シントウキョウリサーチ",0
541,3010501043221,12,0,2022-10-31,2022-10-27,"株式会社アルテミス",,301,"東京都","江戸川区","西小岩１丁目１６番６号",,13,123,1330057,,,,,,,2018-10-18,1,,,,,"アルテミス",0
542,3010501049227,12,0,2022-10-31,2022-10-27,"株式会社ｇｒａｃｅ",,301,"東京都","台東区","上野３丁目１５番７号ＵＥＮＯＹＯＵＲ３０６号室",,13,106,1100005,,,,,,,2022-08-16,1,,,,,"グレース",0
543,3010601056718,12,0,2022-10-31,2022-10-27,"株式会社ＤＩＧＩＴＡＬ",,301,"東京都","千代田区","二番町１番地２",,13,101,1020084,,,,,,,2020-02-04,1,,,,,"デジタル",0
544,3010701028807,12,0,2022-10-31,2022-10-27,"株式会社イマゴン",,301,"東京都","港区","虎ノ門４丁目１番９号",,13,103,1050001,,,,,,,2015-10-05,1,,,,,"イマゴン",0
545,3010701037997,01,1,2022-10-31,2019-08-07,"株式会社ＡＩＲ　ＢＩＯＳ",,301,"東京都","品川区","東五反田２丁目３－３",,13,109,1410022,,,,,,,2019-08-07,1,,,,,"エアバイオス",0
546,3010901045998,21,0,2022-10-31,2022-10-27,"株式会社Ａ．Ｚ．Ｒ",,301,"東京都","渋谷区","神宮前４丁目３２－１２ニューウェイブ原宿２Ｆ",,13,113,1500001,,,2022-10-27,11,1020003014176,"令和４年１０月１日東京都世田谷区北沢二丁目５番２号株式会社ｙｕｔｏｒｉ（1020003014176）に合併し解散",2020-04-01,1,,,,,"エーゼットアール",0
547,3011001025908,01,1,2022-10-31,2015-10-05,"株式会社リホーミー",,301,"東京都","渋谷区","代々木１丁目４２番４号",,13,113,1510053,,,,,,,2015-10-05,0,,,,,"リホーミー",0
548,3011001025908,12,1,2022-10-31,2018-02-01,"株式会社リホーミー",,301,"東京都","渋谷区","代々木１丁目４３番７号",,13,113,1510053,,,,,,,2015-10-05,1,,,,,"リホーミー",0
549,3011001091421,01,1,2022-10-31,2015-10-05,"株式会社ユリイカ",,301,"東京都","渋谷区","東３丁目１５番２号渡辺ビル２０３",,13,113,1500011,,,,,,,2015-10-05,1,,,,,"ユリイカ",0
550,3011001111212,01,1,2022-10-31,2016-06-08,"株式会社Ｓｏｃｉａｌ",,301,"東京都","渋谷区","恵比寿２丁目１７番２０号",,13,113,1500013,,,,,,,2016-06-08,1,,,,,"ソーシャル",0
551,3011001143949,12,0,2022-10-31,2022-10-27,"株式会社グロトム",,301,"東京都","品川区","西五反田７丁目１番１号",,13,109,1410031,,,,,,,2021-11-17,1,,,,,"グロトム",0
552,3011001150607,01,0,2022-10-31,2022-10-31,"テクスタ株式会社",,301,"東京都","渋谷区","渋谷２丁目１９－１５宮益坂ビルディング６０９",,13,113,1500002,,,,,,,2022-10-31,1,,,,,"テクスタ",0
553,3011002035179,01,1,2022-10-31,2015-10-05,"有限会社サクセスブック社",,302,"東京都","渋谷区","渋谷１丁目１９番８号",,13,113,1500002,,,,,,,2015-10-05,0,,,,,"サクセスブックシャ",0
554,3011002035179,12,1,2022-10-31,2016-10-28,"有限会社サクセスブック社",,302,"東京都","渋谷区","千駄ヶ谷２丁目３４番８号",,13,113,1510051,,,,,,,2015-10-05,0,,,,,"サクセスブックシャ",0
555,3011002035179,12,1,2022-10-31,2022-10-20,"有限会社サクセスブック社",,302,"東京都","渋谷区","千駄ヶ谷１丁目２８－８－２０８",,13,113,1510051,,,,,,,2015-10-05,1,,,,,"サクセスブックシャ",0
556,3011003008539,01,1,2022-10-31,2018-03-01,"ｗｅ　ｍｅｄｉｃａｌ合同会社",,305,"東京都","渋谷区","松濤１丁目７番１０号",,13,113,1500046,,,,,,,2018-03-01,1,,,,,"ウィーメディカル",0
557,3011003011253,21,0,2022-10-31,2022-10-20,"ディライト合同会社",,305,"東京都","目黒区","中目黒１丁目７番１１－３０５号",,13,110,1530061,,,2022-10-20,01,,,2020-06-09,1,,,,,"ディライト",0
558,3011003014792,12,0,2022-10-31,2022-10-18,"Ｒｅｃａｌｍｏ合同会社",,305,"東京都","渋谷区","宇田川町３－７ヒューリック渋谷公園通りビル５階－５１",,13,113,1500042,,,,,,,2022-06-10,1,,,,,"リカルモ",0
559,3011005009799,01,0,2022-10-31,2022-10-31,"一般社団法人パワード・バイ・アールイー認定委員会",,399,"東京都","渋谷区","神宮前４丁目１８番６号",,13,113,1500001,,,,,,,2022-10-31,1,,,,,"パワードバイアールイーニンテイイインカイ",0
560,3011101056547,12,0,2022-10-31,2022-10-26,"株式会社リクエスト",,301,"神奈川県","逗子市","新宿３丁目１３番４０号",,14,208,2490007,,,,,,,2015-10-05,1,,,,,"リクエスト",0
561,3011101077931,01,1,2022-10-31,2016-08-12,"株式会社成功行動習慣研究所",,301,"東京都","新宿区","西新宿３丁目７番１号新宿パークタワーＮ３０階",,13,104,1600023,,,,,,,2016-08-12,0,,,,,"セイコウコウドウシュウカンケンキュウジョ",0
562,3011101077931,12,1,2022-10-31,2021-04-02,"株式会社成功行動習慣研究所",,301,"東京都","港区","芝５丁目３番２号",,13,103,1080014,,,,,,,2016-08-12,0,,,,,"セイコウコウドウシュウカンケンキュウジョ",0
563,3011101077931,12,0,2022-10-31,2022-10-27,"株式会社成功行動習慣研究所",,301,"東京都","東大和市","湖畔１丁目９０９番地の１レアル２０１",,13,220,2070002,,,,,,,2016-08-12,1,,,,,"セイコウコウドウシュウカンケンキュウジョ",0
564,3011101084564,12,0,2022-10-31,2022-10-28,"ＹＯＳＨＩＮＯ株式会社",,301,"東京都","新宿区","大久保３丁目８－１－２３０２",,13,104,1690072,,,,,,,2018-06-21,1,,,,,"ヨシノ",0
565,3011101090934,12,0,2022-10-31,2022-10-14,"株式会社ＨＹＢＥＳ",,301,"東京都","港区","赤坂８丁目５番２７号",,13,103,1070052,,,,,,,2020-04-06,1,,,,,"ハイブス",0
566,3011101100676,01,0,2022-10-31,2022-10-31,"あったかライフパートナーズ株式会社",,301,"東京都","新宿区","西新宿７丁目２２番９－１０１号",,13,104,1600023,,,,,,,2022-10-31,1,,,,,"アッタカライフパートナーズ",0
567,3011103012317,01,0,2022-10-31,2022-10-31,"インハウスパートナーズ合同会社",,305,"東京都","新宿区","西新宿３丁目３－１３西新宿水間ビル６階",,13,104,1600023,,,,,,,2022-10-31,1,,,,,"インハウスパートナーズ",0
568,3011301016755,12,0,2022-10-31,2022-10-26,"株式会社すみせい",,301,"東京都","港区","南青山２丁目２９－６－２０６",,13,103,1070062,,,,,,,2015-10-05,1,,,,,"スミセイ",0
569,3011303003859,21,0,2022-10-31,2022-10-06,"Ｗｕ－Ｒｉｇｈｔ合同会社",,305,"東京都","杉並区","阿佐谷南３丁目１７－６パークハイツＢ１０６",,13,115,1660004,,,2022-10-06,01,,,2021-02-04,1,,,,,"ウーライト",0
570,3011401005162,01,1,2022-10-31,2015-10-05,"株式会社野地輸送",,301,"東京都","板橋区","坂下２丁目３２番７号",,13,119,1740043,,,,,,,2015-10-05,1,,,,,"ノヂユソウ",0
571,3011402001350,01,1,2022-10-31,2015-10-05,"有限会社エース工芸",,302,"東京都","板橋区","大山金井町４８番７号",,13,119,1730024,,,,,,,2015-10-05,0,,,,,"エースコウゲイ",0
572,3011402001350,12,1,2022-10-31,2022-10-20,"有限会社エース工芸",,302,"東京都","板橋区","中丸町３１番４号",,13,119,1730026,,,,,,,2015-10-05,1,,,,,"エースコウゲイ",0
573,3011501013528,01,1,2022-10-31,2015-10-05,"株式会社オーシーエムディー",,301,"東京都","北区","豊島５丁目２番２０－１２０４号",,13,117,1140003,,,,,,,2015-10-05,1,,,,,"オーシーエムディー",0
574,3011501022066,01,1,2022-10-31,2016-11-09,"株式会社Ｔｊ＆Ｂｒｏｔｈｅｒｓ",,301,"東京都","北区","赤羽西１丁目１５番１６ディアシティ赤羽２０２",,13,117,1150055,,,,,,,2016-11-09,0,,,,,"ティージェイアンドブラザーズ",0
575,3011501022066,12,1,2022-10-31,2018-11-20,"株式会社Ｔｊ＆Ｂｒｏｔｈｅｒｓ",,301,"東京都","港区","麻布十番２丁目２番５号",,13,103,1060045,,,,,,,2016-11-09,0,,,,,"ティージェイアンドブラザーズ",0
576,3011501022066,12,0,2022-10-31,2022-10-27,"株式会社Ｔｊ＆Ｂｒｏｔｈｅｒｓ",,301,"東京都","新宿区","西新宿７丁目７－７",,13,104,1600023,,,,,,,2016-11-09,1,,,,,"ティージェイアンドブラザーズ",0
577,3011501028617,01,0,2022-10-31,2022-10-31,"株式会社喜丸商事",,301,"東京都","北区","浮間５丁目３番４３－１１０３号",,13,117,1150051,,,,,,,2022-10-31,1,,,,,"キマルショウジ",0
578,3011503005341,01,0,2022-10-31,2022-10-31,"敬天三愛堂合同会社",,305,"東京都","荒川区","東日暮里５丁目２２番９号",,13,118,1160014,,,,,,,2022-10-31,1,,,,,"ケイテンサンアイドウ",0
579,3011701019820,12,0,2022-10-31,2022-10-27,"株式会社ＮＯ　ＲＩＳＫ",,301,"東京都","江戸川区","平井６丁目５１番１６号",,13,123,1320035,,,,,,,2016-04-26,1,,,,,"ノーリスク",0
580,3011701021900,12,0,2022-10-31,2022-10-27,"株式会社オフィスＴ・Ｓ",,301,"東京都","江戸川区","平井１丁目６番６－３０２号",,13,123,1320035,,,,,,,2018-07-11,1,,,,,"オフィスティーエス",0
581,3011801004598,01,1,2022-10-31,2015-10-05,"株式会社丸全印章センター",,301,"東京都","葛飾区","柴又３丁目２５番７号",,13,122,1250052,,,,,,,2015-10-05,1,,,,,"マルゼンインショウセンター",0
582,3011801009779,01,1,2022-10-31,2015-10-05,"千葉鉄工株式会社",,301,"東京都","足立区","入谷７丁目２０番１号",,13,121,1210836,,,,,,,2015-10-05,1,,,,,"チバテッコウ",0
583,3011801034430,01,1,2022-10-31,2018-02-26,"キテングラフィックデザイン株式会社",,301,"東京都","葛飾区","新小岩２丁目２番２４－１１０３号",,13,122,1240024,,,,,,,2018-02-26,1,,,,,"キテングラフィックデザイン",0
584,3011801039693,01,1,2022-10-31,2021-09-10,"Ｓｉｌｖｅｒ　Ｓｈｉｐ株式会社",,301,"東京都","足立区","綾瀬１丁目２３番１５号",,13,121,1200005,,,,,,,2021-09-10,0,,,,,,0
585,3011801039693,12,1,2022-10-31,2022-05-19,"Ｓｉｌｖｅｒ　Ｓｈｉｐ株式会社",,301,"東京都","中央区","東日本橋２丁目２７番２４号イクソン日本橋ビル２階",,13,102,1030004,,,,,,,2021-09-10,0,,,,,,0
586,3011801039693,12,1,2022-10-31,2022-10-25,"Ｓｉｌｖｅｒ　Ｓｈｉｐ株式会社",,301,"東京都","中央区","銀座１丁目１２番４号Ｎ＆ＥＢＬＤ．７階",,13,102,1040061,,,,,,,2021-09-10,1,,,,,,0
587,3011801041468,01,0,2022-10-31,2022-10-31,"Ｄａｙｓ　ｒｉｇｈｔ　ｃａｒｅ株式会社",,301,"東京都","葛飾区","西新小岩４丁目３９番２８号",,13,122,1240025,,,,,,,2022-10-31,1,,,,,"デイズライトケア",0
588,3011801041476,01,0,2022-10-31,2022-10-31,"ひかり工業株式会社",,301,"東京都","足立区","千住大川町３８番７号メゾン宮崎２０１",,13,121,1200031,,,,,,,2022-10-31,1,,,,,,0
589,3011802012377,01,1,2022-10-31,2015-10-05,"庚申興業有限会社",,302,"東京都","足立区","扇３丁目３番１６号",,13,121,1230873,,,,,,,2015-10-05,1,,,,,"コウシンコウギョウ",0
590,3011803005339,01,0,2022-10-31,2022-10-31,"Ｄｒｅａｍ　Ａｎｇｅｌ合同会社",,305,"東京都","葛飾区","南水元２丁目１０番８号",,13,122,1250035,,,,,,,2022-10-31,1,,,,,"ドリームエンジェル",0
591,3012401008345,01,1,2022-10-31,2015-10-05,"株式会社ナンデイエレクトロニクス",,301,"東京都","調布市","上石原３丁目５４番地３",,13,208,1820035,,,,,,,2015-10-05,1,,,,,"ナンデイエレクトロニクス",0
592,3012401011010,01,1,2022-10-31,2015-10-05,"吉祥寺駐車場株式会社",,301,"東京都","武蔵野市","吉祥寺本町１丁目２０番３号",,13,203,1800004,,,,,,,2015-10-05,1,,,,,"キチジョウジチュウシャジョウ",0
593,3012402005028,21,0,2022-10-31,2022-10-31,"有限会社シェルバック",,302,"東京都","小金井市","貫井北町１丁目１８番５号",,13,210,1840015,,,2022-10-31,01,,,2015-10-05,1,,,,,"シェルバック",0
594,3012701011676,01,1,2022-10-31,2015-10-05,"株式会社ＥＭエンジニアリング",,301,"東京都","小平市","学園東町５８２番地の５２",,13,211,1870043,,,,,,,2015-10-05,1,,,,,"イーエムエンジニアリング",0
595,3012701017319,01,0,2022-10-31,2022-10-31,"株式会社サンバ",,301,"東京都","小平市","小川町１丁目４４５－１ガーデンハイツ小平３－３０４",,13,211,1870032,,,,,,,2022-10-31,1,,,,,"サンバ",0
596,3012801021922,01,0,2022-10-31,2022-10-31,"株式会社インターリーブス",,301,"東京都","国分寺市","富士本１丁目２６番地５８",,13,214,1850031,,,,,,,2022-10-31,1,,,,,"インターリーブス",0
597,3013303002502,01,1,2022-10-31,2015-10-05,"ユニバージー２２合同会社",,305,"東京都","豊島区","池袋２丁目４２番３号",,13,116,1710014,,,,,,,2015-10-05,0,,,,,"ユニバージーニジュウニ",0
598,3013303002502,12,1,2022-10-31,2016-07-15,"ユニバージー２２合同会社",,305,"東京都","文京区","大塚４丁目４０番１号茗渓マンション１２０１号室",,13,105,1120012,,,,,,,2015-10-05,0,,,,,"ユニバージーニジュウニ",0
599,3013303002502,12,1,2022-10-31,2016-12-16,"ユニバージー２２合同会社",,305,"東京都","港区","南麻布１丁目１５番５号ソフィア麻布３０１号室",,13,103,1060047,,,,,,,2015-10-05,0,,,,,"ユニバージーニジュウニ",0
600,3013303002502,12,0,2022-10-31,2022-10-26,"ユニバージー２２合同会社",,305,"東京都","墨田区","緑１丁目２２番８号",,13,107,1300021,,,,,,,2015-10-05,1,,,,,"ユニバージーニジュウニ",0
601,3020001059493,01,1,2022-10-31,2015-10-05,"株式会社ＢＲＡＵＴＯ",,301,"神奈川県","横浜市鶴見区","馬場４丁目１番２３号",,14,101,2300076,,,,,,,2015-10-05,1,,,,,"ブラウト",0
602,3020001075012,01,1,2022-10-31,2015-10-05,"グレイトジェネレーション株式会社",,301,"神奈川県","横浜市南区","大岡４丁目７番３号",,14,105,2320061,,,,,,,2015-10-05,1,,,,,"グレイトジェネレーション",0
603,3020001099622,01,1,2022-10-31,2015-10-05,"サダニー・Ａインシュランス株式会社",,301,"神奈川県","横浜市港南区","港南台７丁目３６番１９号",,14,111,2340054,,,,,,,2015-10-05,1,,,,,"サダニーエーインシュランス",0
604,3020001100083,01,1,2022-10-31,2015-10-05,"スカイフィールド株式会社",,301,"神奈川県","横浜市西区","紅葉ケ丘１番地１",,14,103,2200044,,,,,,,2015-10-05,0,,,,,"スカイフィールド",0
605,3020001100083,12,1,2022-10-31,2022-10-20,"スカイフィールド株式会社",,301,"神奈川県","横浜市西区","みなとみらい４丁目７番１",,14,103,2200012,,,,,,,2015-10-05,1,,,,,"スカイフィールド",0
606,3020001102732,01,1,2022-10-31,2015-10-05,"ミームグライダー株式会社",,301,"神奈川県","横浜市神奈川区","栄町６番地１",,14,102,2210052,,,,,,,2015-10-05,0,,,,,"ミームグライダー",0
607,3020001102732,12,1,2022-10-31,2016-12-02,"ミームグライダー株式会社",,301,"神奈川県","横浜市西区","北幸１丁目１１番１号",,14,103,2200004,,,,,,,2015-10-05,0,,,,,"ミームグライダー",0
608,3020001102732,12,1,2022-10-31,2022-10-25,"ミームグライダー株式会社",,301,"神奈川県","横浜市神奈川区","栄町６番地１",,14,102,2210052,,,,,,,2015-10-05,1,,,,,"ミームグライダー",0
609,3020001143017,11,0,2022-10-31,2022-10-25,"株式会社ユニオン自動車",,301,"神奈川県","川崎市多摩区","東生田４丁目６番３号",,14,135,2140031,,,,,,,2021-09-17,1,,,,,"ユニオンジドウシャ",0
610,3020001148701,01,0,2022-10-31,2022-10-31,"クアイト株式会社",,301,"神奈川県","川崎市宮前区","有馬１丁目９－１－４０２",,14,136,2160003,,,,,,,2022-10-31,1,,,,,"クアイト",0
611,3020001148718,01,0,2022-10-31,2022-10-31,"華一株式会社",,301,"神奈川県","横浜市中区","山下町１番地シルクセンター９２１",,14,104,2310023,,,,,,,2022-10-31,1,,,,,"ハナイチ",0
612,3020003022623,01,0,2022-10-31,2022-10-31,"合同会社ＡＲＯＵＮＤ",,305,"神奈川県","横浜市南区","南太田４丁目２番３号サンパティーク３０３",,14,105,2320006,,,,,,,2022-10-31,1,,,,,"アラウンド",0
613,3021001000612,01,1,2022-10-31,2015-10-05,"グローバルチヤータリング株式会社",,301,"神奈川県","藤沢市","鵠沼海岸４丁目６番４号",,14,205,2510037,,,,,,,2015-10-05,1,,,,,"グローバルチヤータリング",0
614,3021001038017,12,0,2022-10-31,2022-10-26,"リペアテクノサービス株式会社",,301,"神奈川県","平塚市","万田２丁目３９番５号",,14,203,2540913,,,,,,,2015-10-05,1,,,,,,0
615,3021001064797,12,0,2022-10-31,2022-10-26,"都市管理法人ＡＮＯＫ株式会社",,301,"神奈川県","茅ヶ崎市","菱沼２丁目１１番３７号",,14,207,2530011,,,,,,,2018-05-14,1,,,,,"トシカンリホウジンエイノック",0
616,3021001065218,12,0,2022-10-31,2022-10-26,"株式会社Ｓｏｒｒｉｓｏ",,301,"神奈川県","大和市","福田１丁目９－１",,14,213,2420024,,,,,,,2018-07-13,1,,,,,"ソリーソ",0
617,3021001077304,01,0,2022-10-31,2022-10-31,"株式会社オフィスブリトー",,301,"神奈川県","鎌倉市","七里ガ浜２丁目１９番１５号",,14,204,2480026,,,,,,,2022-10-31,1,,,,,"オフィスブリトー",0
618,3021001077320,01,0,2022-10-31,2022-10-31,"株式会社ｍｅｎｓｕｓ",,301,"神奈川県","藤沢市","辻堂元町２丁目１０番３６～３０３号",,14,205,2510043,,,,,,,2022-10-31,1,,,,,"メンサス",0
619,3021003012300,01,0,2022-10-31,2022-10-31,"合同会社Ｔｏｗａｎｅｙ",,305,"神奈川県","相模原市緑区","二本松３丁目１５番１０号",,14,151,2520137,,,,,,,2022-10-31,1,,,,,"トワニー",0
620,3021003012309,01,0,2022-10-31,2022-10-31,"合同会社Ｎａｔｕｒｅ　Ｓａｕｎａ",,305,"神奈川県","鎌倉市","大町２丁目９番７－２０６号",,14,204,2480007,,,,,,,2022-10-31,1,,,,,"ネイチャーサウナ",0
621,3021005006886,01,1,2022-10-31,2015-10-05,"紅谷パールロード商店街振興組合",,399,"神奈川県","平塚市","紅谷町４番１号",,14,203,2540043,,,,,,,2015-10-05,1,,,,,,0
622,3030001085118,01,1,2022-10-31,2015-10-05,"株式会社沼尻電機",,301,"埼玉県","熊谷市","箱田１丁目７番１５号",,11,202,3600014,,,,,,,2015-10-05,1,,,,,"ヌマジリデンキ",0
623,3030001085547,01,1,2022-10-31,2015-10-05,"東和工業株式会社",,301,"埼玉県","熊谷市","平戸１６３番地１",,11,202,3600021,,,,,,,2015-10-05,1,,,,,"トウワコウギョウ",0
624,3030001106930,01,1,2022-10-31,2015-10-05,"株式会社美園リサイクル",,301,"埼玉県","さいたま市緑区","大字大門１９５１－１",,11,109,3360963,,,,,,,2015-10-05,1,,,,,"ミソノリサイクル",0
625,3030001141465,12,0,2022-10-31,2022-10-24,"浦和土地開発株式会社",,301,"埼玉県","さいたま市緑区","東浦和５丁目１番地１",,11,109,3360926,,,,,,,2021-04-02,1,,,,,"ウラワトチカイハツ",0
626,3030001148312,12,0,2022-10-31,2022-10-21,"Ｓｈａｋｏｌ株式会社",,301,"埼玉県","川口市","西川口１丁目３０番２０－６１０号",,11,203,3320021,,,,,,,2022-05-23,1,,,,,"シャコル",0
627,3030001150103,12,0,2022-10-31,2022-10-21,"ＣＡＲＮＡＴＩＯＮ株式会社",,301,"埼玉県","戸田市","下前２丁目１番２４号１階部分",,11,224,3350016,,,,,,,2022-09-22,1,,,,,"カーネーション",0
628,3030001150788,01,0,2022-10-31,2022-10-31,"ダイワ不動産リアルティ株式会社",,301,"埼玉県","久喜市","本町６丁目１３番１１号",,11,232,3460005,,,,,,,2022-10-31,1,,,,,"ダイワフドウサンリアルティ",0
629,3030001150796,01,0,2022-10-31,2022-10-31,"ＨＫ株式会社",,301,"埼玉県","川口市","並木３丁目１３－４号ダイトービル弐番館５０８",,11,203,3320034,,,,,,,2022-10-31,1,,,,,"エイチケイ",0
630,3030002053321,01,1,2022-10-31,2015-10-05,"有限会社エーピーエムタイヤサービス",,302,"埼玉県","上尾市","大字向山２７番地の４",,11,219,3620045,,,,,,,2015-10-05,1,,,,,"エーピーエムタイヤサービス",0
631,3030002067528,12,0,2022-10-31,2022-10-14,"有限会社クルーズ",,302,"東京都","港区","西新橋１丁目１８番７号２Ｆ",,13,103,1050003,,,,,,,2015-10-05,1,,,,,"クルーズ",0
632,3030002078153,01,1,2022-10-31,2015-10-05,"有限会社遊菓堂",,302,"埼玉県","川越市","大字中福５０４番地４",,11,201,3501156,,,,,,,2015-10-05,1,,,,,"ユウカドウ",0
633,3030003016558,11,0,2022-10-31,2022-10-19,"ＢＵＬＬ株式会社",,301,"埼玉県","草加市","金明町１０５８番地１－２０５",,11,221,3400052,,,,,,,2021-01-25,1,,,,,"ブル",0
634,3030003019544,12,0,2022-10-31,2022-10-27,"ブルームブロック合同会社",,305,"東京都","新宿区","西新宿３丁目３番１３号西新宿水間ビル２Ｆ",,13,104,1600023,,,,,,,2022-06-09,1,,,,,"ブルームブロック",0
635,3030003020485,01,0,2022-10-31,2022-10-31,"合同会社リトルアイランド",,305,"埼玉県","越谷市","東大沢４丁目１６番地８リビエールセレナ１０１",,11,222,3430022,,,,,,,2022-10-31,1,,,,,"リトルアイランド",0
636,3030005002218,71,0,2022-10-31,2022-10-03,"税理士法人レッドサポート",,399,"埼玉県","さいたま市浦和区","針ヶ谷２丁目１０番４号",,11,107,3300075,,,,,,"埼玉県桶川市東一丁目３番２８号桶川イースト１－１Ｆ税理士法人くすのき（8030005019042）を合併",2015-10-05,1,,,,,"レッドサポート",0
637,3040001052141,01,1,2022-10-31,2015-10-05,"株式会社富士食品",,301,"千葉県","君津市","坂田２７２番地",,12,225,2991142,,,,,,,2015-10-05,1,,,,,"フジショクヒン",0
638,3040001057537,01,1,2022-10-31,2015-10-05,"株式会社山武中央開発",,301,"千葉県","大網白里市","みやこ野１丁目２番地１",,12,239,2993236,,,,,,,2015-10-05,1,,,,,"サンムチュウオウカイハツ",0
639,3040001103836,01,1,2022-10-31,2018-03-12,"株式会社エコライン",,301,"千葉県","市原市","東五所２５番地２２－２０７",,12,219,2900064,,,,,,,2018-03-12,0,,,,,"エコライン",0
640,3040001103836,12,1,2022-10-31,2022-10-19,"株式会社エコライン",,301,"千葉県","市原市","五所１７２６－４Ａ",,12,219,2900066,,,,,,,2018-03-12,1,,,,,"エコライン",0
641,3040001123066,12,0,2022-10-31,2022-10-18,"芝加株式会社",,301,"千葉県","千葉市稲毛区","稲毛３丁目７番８号新富稲毛アパート第二２０５号室",,12,103,2630034,,,,,,,2022-04-18,1,,,,,"シバカ",0
642,3040001124857,12,0,2022-10-31,2022-10-20,"株式会社２４８",,301,"千葉県","成田市","花崎町８１８－１",,12,211,2860033,,,,,,,2022-09-02,1,,,,,"ニシヤ",0
643,3040001125608,01,0,2022-10-31,2022-10-31,"ＹＫマネジメント株式会社",,301,"千葉県","木更津市","東中央２丁目１０番２０号大東ビル３０１",,12,206,2920057,,,,,,,2022-10-31,1,,,,,"ワイケイマネジメント",0
644,3040001125616,01,0,2022-10-31,2022-10-31,"ナミカタエンジニアリング株式会社",,301,"千葉県","松戸市","松飛台５９４番地７",,12,207,2702214,,,,,,,2022-10-31,1,,,,,"ナミカタエンジニアリング",0
645,3040001125624,01,0,2022-10-31,2022-10-31,"株式会社ｉｃｈｉｚｅｎ",,301,"千葉県","千葉市稲毛区","園生町２３５番地５",,12,103,2630051,,,,,,,2022-10-31,1,,,,,"イチゼン",0
646,3040001125640,01,0,2022-10-31,2022-10-31,"株式会社ＲＩＳＥ",,301,"千葉県","市原市","磯ケ谷１３０２番地２",,12,219,2900204,,,,,,,2022-10-31,1,,,,,"ライズ",0
647,3040002003812,01,1,2022-10-31,2015-10-05,"有限会社慶ビスタリ",,302,"千葉県","千葉市中央区","富士見２丁目２３番７号",,12,101,2600015,,,,,,,2015-10-05,0,,,,,"ケイビスタリ",0
648,3040002003812,12,1,2022-10-31,2022-09-15,"有限会社慶ビスタリ",,302,"千葉県","千葉市中央区","富士見２丁目２２番７号",,12,101,2600015,,,,,,,2015-10-05,1,,,,,"ケイビスタリ",0
649,3040002008646,01,1,2022-10-31,2015-10-05,"有限会社ナカムラアルミ",,302,"千葉県","千葉市若葉区","川井町１３０番地の１５",,12,104,2650062,,,,,,,2015-10-05,1,,,,,"ナカムラアルミ",0
650,3040002060738,01,1,2022-10-31,2015-10-05,"有限会社アポルテサピエール",,302,"千葉県","佐倉市","新町３６番地",,12,212,2850023,,,,,,,2015-10-05,1,,,,,"アポルテサピエール",0
651,3040002068681,01,1,2022-10-31,2015-10-05,"有限会社橋立管工",,302,"千葉県","袖ケ浦市","蔵波２９０６番地３３",,12,229,2990243,,,,,,,2015-10-05,0,,,,,"ハシダテカンコウ",0
652,3040002068681,12,1,2022-10-31,2022-10-19,"有限会社橋立管工",,302,"千葉県","袖ケ浦市","三ツ作１１０１番地４",,12,229,2990254,,,,,,,2015-10-05,1,,,,,"ハシダテカンコウ",0
653,3040002081841,01,1,2022-10-31,2015-10-05,"吉野建設有限会社",,302,"千葉県","茂原市","高師１０３８番地４",,12,210,2970029,,,,,,,2015-10-05,1,,,,,"ヨシノケンセツ",0
654,3040002097862,01,1,2022-10-31,2015-10-05,"有限会社あさひ外装",,302,"千葉県","野田市","東宝珠花３２９番地２",,12,208,2700226,,,,,,,2015-10-05,0,,,,,,0
655,3040002097862,11,1,2022-10-31,2016-08-15,"有限会社壮栄",,302,"千葉県","野田市","東宝珠花３２９番地２",,12,208,2700226,,,,,,,2015-10-05,1,,,,,"ソウエイ",0
656,3040003014065,21,0,2022-10-31,2022-10-24,"サージマネジメント合同会社",,305,"千葉県","千葉市若葉区","若松台３丁目２８－５",,12,104,2640027,,,2022-10-24,01,,,2019-09-27,1,,,,,"サージマネジメント",0
657,3040003021160,01,0,2022-10-31,2022-10-31,"合同会社ＹＵＫＡＩ",,305,"千葉県","木更津市","清見台南２丁目４番６号Ａ１０２",,12,206,2920042,,,,,,,2022-10-31,1,,,,,"ユカイ",0
658,3050001019437,12,0,2022-10-31,2022-10-24,"株式会社創栄加工",,301,"茨城県","古河市","下山町９番６３号",,08,204,3060014,,,,,,,2015-10-05,1,,,,,,0
659,3050001025121,01,1,2022-10-31,2015-10-05,"株式会社旭モータース商会",,301,"茨城県","龍ケ崎市","川原代町４区６１８８番地１",,08,208,3010005,,,,,,,2015-10-05,1,,,,,"アサヒモータースショウカイ",0
660,3050001035475,01,1,2022-10-31,2015-10-05,"株式会社ペイバック",,301,"茨城県","つくば市","千現１丁目２２番地１６",,08,220,3050047,,,,,,,2015-10-05,1,,,,,"ペイバック",0
661,3050001038536,01,1,2022-10-31,2015-10-05,"株式会社価値創造研究所",,301,"茨城県","つくば市","竹園２丁目１１番地１６高橋ビル１０１",,08,220,3050032,,,,,,,2015-10-05,0,,,,,"カチソウゾウケンキュウショ",0
662,3050001038536,12,1,2022-10-31,2017-01-26,"株式会社価値創造研究所",,301,"茨城県","つくば市","竹園２丁目１１番地１６高橋ビル１０２",,08,220,3050032,,,,,,,2015-10-05,1,,,,,"カチソウゾウケンキュウショ",0
663,3050002008967,01,1,2022-10-31,2015-10-05,"有限会社マルサン企画",,302,"茨城県","ひたちなか市","大字津田２８１２番地１０",,08,221,3120032,,,,,,,2015-10-05,1,,,,,"マルサンキカク",0
664,3050002018669,21,0,2022-10-31,2022-10-25,"有限会社ヤオゼン",,302,"茨城県","猿島郡境町","１６１５番地",,08,546,3060433,,,2022-10-25,01,,,2015-10-05,1,,,,,"ヤオゼン",0
665,3050003004511,12,0,2022-10-31,2022-10-14,"合同会社小貫発電所",,305,"茨城県","常総市","古間木新田６５６－８",,08,211,3002731,,,,,,,2019-01-24,0,,,,,"オヌキハツデンショ",0
666,3050003004511,11,0,2022-10-31,2022-10-14,"合同会社小川工業",,305,"茨城県","常総市","古間木新田６５６－８",,08,211,3002731,,,,,,,2019-01-24,1,,,,,"オガワコウギョウ",0
667,3060001028552,21,0,2022-10-31,2022-10-25,"株式会社フリースタイル",,301,"栃木県","栃木市","大平町西野田４０９番３シャトル１０１号",,09,203,3294421,,,2022-10-25,01,,,2016-08-17,1,,,,,"フリースタイル",0
668,3060002003232,12,0,2022-10-31,2022-10-26,"有限会社郷土振興開発",,302,"栃木県","鹿沼市","茂呂９２３番地２８",,09,205,3220026,,,,,,,2015-10-05,1,,,,,"キョウドシンコウカイハツ",0
669,3070001016622,01,1,2022-10-31,2015-10-05,"水澤石材株式会社",,301,"群馬県","桐生市","錦町１丁目６番８号",,10,203,3760023,,,,,,,2015-10-05,1,,,,,"ミズサワセキザイ",0
670,3070001039763,01,0,2022-10-31,2022-10-31,"株式会社エンジョイ",,301,"群馬県","高崎市","柳川町１番地３カナルハイツ４０２号",,10,202,3700815,,,,,,,2022-10-31,1,,,,,"エンジョイ",0
671,3070002007380,01,1,2022-10-31,2015-10-05,"有限会社グローバルファクトリー",,302,"群馬県","前橋市","問屋町２丁目１３番地２前橋グリーンマンション１Ｆ",,10,201,3710855,,,,,,,2015-10-05,1,,,,,"グローバルファクトリー",0
672,3070002011952,01,1,2022-10-31,2015-10-05,"北帝水産有限会社",,302,"群馬県","高崎市","下大類町２７４番地３",,10,202,3700034,,,,,,,2015-10-05,1,,,,,"ホクテイスイサン",0
673,3070002017834,01,1,2022-10-31,2015-10-05,"有限会社宮下興業",,302,"群馬県","藤岡市","中１４７４番地",,10,209,3750005,,,,,,,2015-10-05,0,,,,,"ミヤシタコウギョウ",0
674,3070002017834,12,1,2022-10-31,2022-10-13,"有限会社宮下興業",,302,"群馬県","藤岡市","中１６９番地６",,10,209,3750005,,,,,,,2015-10-05,1,,,,,"ミヤシタコウギョウ",0
675,3070005010051,01,0,2022-10-31,2022-10-31,"特定非営利活動法人Ｐｌａｙｆｕｌ　Ｌｅａｒｎｉｎｇ　Ｄｅｓｉｇｎ　Ｌａｂ．",,399,"群馬県","みどり市","笠懸町鹿３６１６番地１",,10,212,3792313,,,,,,,2022-10-31,1,,,,,"プレイフルラーニングデザインラボ",0
676,3080401013243,12,0,2022-10-31,2022-10-28,"株式会社Ａｕｓｄｒｕｃｋ",,301,"静岡県","浜松市南区","若林町８２６番地の１",,22,134,4328051,,,,,,,2015-10-05,1,,,,,"アウスドラック",0
677,3080401015347,01,1,2022-10-31,2015-10-05,"マイスター工業株式会社",,301,"静岡県","掛川市","下俣７５２番地の１",,22,213,4360025,,,,,,,2015-10-05,1,,,,,"マイスターコウギョウ",0
678,3080405006945,01,1,2022-10-31,2017-02-13,"一般社団法人地域商工業支援ネットワーク",,399,"静岡県","浜松市中区","砂山町３２０－４Ｃｉｔｙ２１、８階",,22,131,4300926,,,,,,,2017-02-13,1,,,,,"チイキショウコウギョウシエンネットワーク",0
679,3090001004922,12,0,2022-10-31,2022-10-26,"株式会社ジットセレモニー",,301,"山梨県","南アルプス市","和泉９８４番地１",,19,208,4000413,,,,,,,2015-10-05,1,,,,,"ジットセレモニー",0
680,3090001017387,12,0,2022-10-31,2022-10-07,"株式会社ｃｏｍｍｕｎｃａ",,301,"山梨県","山梨市","万力７７３番地２号フレグランス大代２０１",,19,205,4050031,,,,,,,2022-01-27,1,,,,,"コミュンカ",0
681,3100001018326,01,1,2022-10-31,2015-10-05,"日本電産サンキョー株式会社",,301,"長野県","諏訪郡下諏訪町","５３２９番地",,20,361,3930000,,,,,,,2015-10-05,0,"NIDEC SANKYO CORPORATION","Nagano","5329, Shimosuwa machi Suwa gun",,"ニホンデンサンサンキョー",0
682,3100001018326,71,1,2022-10-31,2021-01-12,"日本電産サンキョー株式会社",,301,"長野県","諏訪郡下諏訪町","５３２９番地",,20,361,3930000,,,,,,"令和３年１月１日長野県諏訪郡原村１４２２２番地日本電産サンキョーオルゴール株式会社（7100001019295）を合併",2015-10-05,1,"NIDEC SANKYO CORPORATION","Nagano","5329, Shimosuwa machi Suwa gun",,"ニホンデンサンサンキョー",0
683,3100005012936,01,0,2022-10-31,2022-10-31,"一般社団法人こどものポッケ",,399,"長野県","長野市","大字上ケ屋２４７１番地３５２９",,20,201,3800888,,,,,,,2022-10-31,1,,,,,"コドモノポッケ",0
684,3110001010083,01,1,2022-10-31,2015-10-05,"株式会社カネコ・エンタープライズ",,301,"新潟県","新潟市西区","寺尾上６丁目６番６号",,15,107,9502055,,,,,,,2015-10-05,1,,,,,"カネコエンタープライズ",0
685,3110002016699,01,1,2022-10-31,2015-10-05,"有限会社大期ガーデン",,302,"新潟県","新発田市","松岡甲１５５５番地",,15,206,9570044,,,,,,,2015-10-05,1,,,,,"オオゴガーデン",0
686,3110002028224,21,0,2022-10-31,2022-10-27,"有限会社高勝",,302,"新潟県","長岡市","新町１丁目１番１１号",,15,202,9400023,,,2022-10-27,01,,,2015-10-05,1,,,,,"タカショウ",0
687,3110005012233,01,1,2022-10-31,2015-10-05,"龍光院",,399,"新潟県","長岡市","小国町千谷沢４６４番地",,15,202,9495201,,,,,,,2015-10-05,1,,,,,"リュウコウイン",0
688,3120001145928,11,0,2022-10-31,2022-10-25,"大星電気設備工業株式会社",,301,"大阪府","大阪市中央区","本町４丁目５番１５号",,27,128,5410053,,,,,,,2015-10-05,1,,,,,"タイセイデンキセツビコウギョウ",0
689,3120001146257,11,0,2022-10-31,2022-10-26,"Ｕｚｕｍｅ　Ｔｒａｄｉｎｇ株式会社",,301,"兵庫県","西宮市","安井町５番４６号ＬＡＮＫＡ２階",,28,204,6620045,,,,,,,2015-10-05,1,,,,,"ウズメトレーディング",0
690,3120001186740,12,0,2022-10-31,2022-10-28,"株式会社結ｎｅｔ",,301,"大阪府","大阪市北区","豊崎３丁目１５番５号ＴＫビル２階",,27,127,5310072,,,,,,,2015-10-05,1,,,,,"ユイネット",0
691,3120001249860,01,0,2022-10-31,2022-10-31,"株式会社ＤＥＳＴＩＮＯ",,301,"大阪府","大阪市北区","西天満６丁目２番３号ユーアイビル２０８",,27,127,5300047,,,,,,,2022-10-31,1,,,,,"ディスティーノ",0
692,3120001249869,01,0,2022-10-31,2022-10-31,"Ｋ‐ＮＥＸＴ株式会社",,301,"大阪府","大阪市西区","立売堀４丁目７番１５号奥内立売堀ビル８０６",,27,106,5500012,,,,,,,2022-10-31,1,,,,,"ケイネクスト",0
693,3120001249877,01,0,2022-10-31,2022-10-31,"株式会社ランカー住設",,301,"大阪府","大阪市生野区","中川６丁目１２番２１号",,27,116,5440005,,,,,,,2022-10-31,1,,,,,"ランカージュウセツ",0
694,3120001249885,01,0,2022-10-31,2022-10-31,"株式会社柳商会",00128308,301,"大阪府","大阪市阿倍野区","王子町１丁目９番１３号",,27,119,5450023,,,,,,,2022-10-31,1,,,,,"ヤナギショウカイ",0
695,3120001249893,01,0,2022-10-31,2022-10-31,"株式会社ＩＺＡ",,301,"大阪府","大阪市西区","北堀江１丁目２３－９ルクレ北堀江１４０５",,27,106,5500014,,,,,,,2022-10-31,1,,,,,"イザ",0
696,3120001249902,01,0,2022-10-31,2022-10-31,"株式会社ＦＰＡ",,301,"大阪府","大阪市阿倍野区","松崎町４丁目１１番２３－１３０１号",,27,119,5450053,,,,,,,2022-10-31,1,,,,,"エフピーエー",0
697,3120002042554,01,1,2022-10-31,2015-10-05,"有限会社新歩一動物病院",,302,"大阪府","大阪市此花区","朝日１丁目９番１０号",,27,104,5540011,,,,,,,2015-10-05,1,,,,,"シンポイチドウブツビョウイン",0
698,3120101054566,01,1,2022-10-31,2016-04-07,"株式会社アカツキエンジニアリング",,301,"大阪府","堺市東区","日置荘西町３丁５番４号アカツキビル別館",,27,143,5998114,,,,,,,2016-04-07,1,,,,,"アカツキエンジニアリング",0
699,3120102022712,01,1,2022-10-31,2015-10-05,"有限会社ありす",,302,"大阪府","貝塚市","脇浜１丁目１５番１５号",,27,208,5970073,,,,,,,2015-10-05,1,,,,,"アリス",0
700,3122003001274,01,1,2022-10-31,2016-11-09,"合同会社ＬＩＮＣＬＥ",,305,"大阪府","八尾市","小畑町２丁目７２番地の８",,27,212,5810835,,,,,,,2016-11-09,1,,,,,"リンクル",0
701,3130001028347,01,1,2022-10-31,2015-10-05,"株式会社公将",,301,"京都府","京都市北区","大宮東脇台町２１番地の１",,26,101,6038431,,,,,,,2015-10-05,1,,,,,"コウショウ",0
702,3130001072931,01,0,2022-10-31,2022-10-31,"株式会社コメミノル",,301,"京都府","京都市南区","吉祥院西ノ茶屋町６８番地",,26,107,6018381,,,,,,,2022-10-31,1,,,,,"コメミノル",0
703,3140001013414,01,1,2022-10-31,2015-10-05,"大永株式会社",,301,"兵庫県","神戸市兵庫区","夢野町２丁目１７番地",,28,105,6520063,,,,,,,2015-10-05,1,,,,,"タイエイ",0
704,3140001065570,01,1,2022-10-31,2015-10-05,"株式会社兵庫マリン",,301,"兵庫県","姫路市","飾磨区今在家３丁目１０３番地",,28,201,6728079,,,,,,,2015-10-05,1,,,,,"ヒョウゴマリン",0
705,3140001084950,01,1,2022-10-31,2015-10-05,"ディーエムハウス株式会社",,301,"兵庫県","洲本市","安乎町平安浦１８６４番地の１０",,28,205,6562121,,,,,,,2015-10-05,0,,,,,,0
706,3140001084950,12,1,2022-10-31,2018-10-01,"ディーエムハウス株式会社",,301,"兵庫県","洲本市","納２２２番地１",,28,205,6560101,,,,,,,2015-10-05,0,,,,,,0
707,3140001084950,12,1,2022-10-31,2019-10-01,"ディーエムハウス株式会社",,301,"兵庫県","洲本市","塩屋１丁目２番１５号",,28,205,6560021,,,,,,,2015-10-05,1,,,,,,0
708,3140001095329,01,1,2022-10-31,2015-10-05,"株式会社ｐｌｕｓ１",,301,"兵庫県","神戸市北区","鈴蘭台南町５丁目１－１３",,28,109,6511113,,,,,,,2015-10-05,1,,,,,,0
709,3140001110509,21,0,2022-10-31,2022-10-25,"株式会社笑福屋",,301,"兵庫県","神戸市垂水区","東舞子町６番１６－５１１",,28,108,6550047,,,2022-10-25,01,,,2018-06-28,1,,,,,"ショウフクヤ",0
710,3140002020995,01,1,2022-10-31,2015-10-05,"有限会社天然食材販売会社",,302,"兵庫県","神戸市北区","ひよどり台２丁目２４番の１１",,28,109,6511123,,,,,,,2015-10-05,1,,,,,"テンネンショクザイハンバイガイシャ",0
711,3140002069348,01,1,2022-10-31,2015-10-05,"有限会社ヤナガワ",,302,"兵庫県","淡路市","志筑新島６番地の９",,28,226,6562132,,,,,,,2015-10-05,0,,,,,"ヤナガワ",0
712,3140002069348,12,1,2022-10-31,2022-10-26,"有限会社ヤナガワ",,302,"兵庫県","淡路市","生穂１７４６番地",,28,226,6562223,,,,,,,2015-10-05,1,,,,,"ヤナガワ",0
713,3140005026354,01,0,2022-10-31,2022-10-31,"一般社団法人スティールパンパートナーズ",,399,"兵庫県","神戸市垂水区","狩口台４丁目２６番３０６号",,28,108,6550049,,,,,,,2022-10-31,1,,,,,"スティールパンパートナーズ",0
714,3150001025912,01,0,2022-10-31,2022-10-31,"Ｍ．Ｄ．Ｓ株式会社",,301,"奈良県","奈良市","あやめ池北１丁目１番２－２号",,29,201,6310032,,,,,,,2022-10-31,1,,,,,"エムディーエス",0
715,3170002007949,01,1,2022-10-31,2015-10-05,"有限会社マルイチ物流サービス",,302,"和歌山県","岩出市","山５９番地の６",,30,209,6496258,,,,,,,2015-10-05,0,,,,,,0
716,3170002007949,21,0,2022-10-31,2022-10-28,"有限会社マルイチ物流サービス",,302,"和歌山県","岩出市","山５９番地の６",,30,209,6496258,,,2022-10-28,01,,,2015-10-05,1,,,,,,0
717,3180001043548,11,0,2022-10-31,2022-10-18,"株式会社ファッションコア・ミッドウエスト",,301,"愛知県","名古屋市中区","錦３丁目１７番１１号",,23,106,4600003,,,,,,,2015-10-05,0,,,,,"ファッションコアミッドウエスト",0
718,3180001043548,12,0,2022-10-31,2022-10-25,"株式会社ファッションコア・ミッドウエスト",,301,"東京都","渋谷区","神南１丁目６番１号",,13,113,1500041,,,,,,,2015-10-05,1,,,,,"ファッションコアミッドウエスト",0
719,3180001062234,01,1,2022-10-31,2015-10-05,"株式会社ＧＲＥＥＮ　ＥＡＲＴＨ",,301,"愛知県","名古屋市昭和区","曙町１丁目２５番地の５コジマビル３Ｆ－Ｂ",,23,107,4660003,,,,,,,2015-10-05,0,,,,,,0
720,3180001062234,12,1,2022-10-31,2019-04-24,"株式会社ＧＲＥＥＮ　ＥＡＲＴＨ",,301,"愛知県","名古屋市千種区","振甫町２丁目１５番３",,23,101,4640072,,,,,,,2015-10-05,1,,,,,,0
721,3180001067324,01,1,2022-10-31,2015-10-05,"サカエ化建工業株式会社",,301,"愛知県","日進市","藤塚１丁目３０番地",,23,230,4700117,,,,,,,2015-10-05,1,,,,,"サカエカケンコウギョウ",0
722,3180001068520,12,0,2022-10-31,2022-10-24,"フュージョン株式会社",,301,"愛知県","名古屋市緑区","鳴海町字御茶屋１５番地の１",,23,114,4580801,,,,,,,2015-10-05,1,,,,,"フュージョン",0
723,3180001070740,11,0,2022-10-31,2022-10-24,"サンキョウホールディングス株式会社",,301,"愛知県","名古屋市緑区","桶狭間巻山１８０９番地プレサージュ桶狭間１０１",,23,114,4580920,,,,,,,2015-10-05,1,,,,,"サンキョウホールディングス",0
724,3180001077240,01,1,2022-10-31,2015-10-05,"株式会社セキュリティハウス・プロ",,301,"愛知県","春日井市","白山町３丁目１７番地の９",,23,206,4870034,,,,,,,2015-10-05,1,,,,,"セキュリティハウスプロ",0
725,3180001090169,01,1,2022-10-31,2015-10-05,"株式会社ワイプ",,301,"愛知県","瀬戸市","西原町２丁目４３番地",,23,204,4890972,,,,,,,2015-10-05,1,,,,,"ワイプ",0
726,3180001090945,01,1,2022-10-31,2015-10-05,"株式会社ＩＮＴＳ",,301,"愛知県","名古屋市名東区","藤森西町６０３番地",,23,115,4650022,,,,,,,2015-10-05,1,,,,,"アイエヌティーエス",0
727,3180001107393,01,1,2022-10-31,2015-10-05,"株式会社北栄工業",,301,"愛知県","東海市","名和町口平地９１番地の５",,23,222,4760002,,,,,,,2015-10-05,1,,,,,"ホクエイコウギョウ",0
728,3180001107435,01,1,2022-10-31,2015-10-05,"株式会社大島調剤",,301,"愛知県","名古屋市中川区","新家１丁目２９０４番地ダイアパレス花水木通り西館１０６号",,23,110,4540972,,,,,,,2015-10-05,0,,,,,"オオシマチョウザイ",0
729,3180001107435,12,1,2022-10-31,2017-01-23,"株式会社大島調剤",,301,"愛知県","名古屋市中村区","長筬町４丁目１７番地",,23,105,4530839,,,,,,,2015-10-05,1,,,,,"オオシマチョウザイ",0
730,3180001135997,12,0,2022-10-31,2022-10-26,"株式会社片平建設",,301,"愛知県","清須市","阿原神門１９４番地１",,23,233,4520901,,,,,,,2019-04-08,1,,,,,"カタヒラケンセツ",0
731,3180001141748,12,0,2022-10-31,2022-10-26,"株式会社Ｐｒｏｕｄ　Ｐａｒｔｎｅｒ",,301,"愛知県","名古屋市中村区","名駅南３丁目６－６名駅豊ビル５Ｃ",,23,105,4500003,,,,,,,2020-06-26,1,,,,,"プラウドパートナー",0
732,3180001152670,01,1,2022-10-31,2022-08-24,"株式会社ＡＫＯ設計",,301,"愛知県","名古屋市中村区","豊国通２丁目３番地",,23,105,4530834,,,,,,,2022-08-24,1,,,,,"アコウセッケイ",0
733,3180001153553,01,0,2022-10-31,2022-10-31,"株式会社Ｎｅｗ　Ａｇｅ",,301,"愛知県","春日井市","細木町１丁目２７番地１プラシード細木Ａ１０１号",,23,206,4860937,,,,,,,2022-10-31,1,,,,,"ニューエイジ",0
734,3180001153561,01,0,2022-10-31,2022-10-31,"株式会社ＪＫ　Ｐｌａｎｎｉｎｇ",,301,"愛知県","一宮市","萩原町西御堂字虫祭２－７－６０３",,23,203,4910365,,,,,,,2022-10-31,1,,,,,"ジェイケイプランニング",0
735,3180001153594,01,0,2022-10-31,2022-10-31,"株式会社池田設備工業",,301,"愛知県","名古屋市港区","油屋町１丁目２９番地の７",,23,111,4550815,,,,,,,2022-10-31,1,,,,,"イケダセツビコウギョウ",0
736,3180002077826,01,1,2022-10-31,2015-10-05,"有限会社森硝子店",,302,"愛知県","一宮市","柚木颪字打箱６番地",,23,203,4910011,,,,,,,2015-10-05,1,,,,,"モリガラステン",0
737,3180003024414,01,0,2022-10-31,2022-10-31,"合同会社ＳＴＵＤＩＯ　ＰＯＭ",,305,"愛知県","日進市","五色園４丁目１００９番地",,23,230,4700105,,,,,,,2022-10-31,1,,,,,"スタジオポム",0
738,3180003024422,01,0,2022-10-31,2022-10-31,"合同会社ＥＶＥＲＥＳＴ",,305,"愛知県","名古屋市中村区","亀島１丁目９番９号",,23,105,4530013,,,,,,,2022-10-31,1,,,,,"エベレスト",0
739,3180301036763,01,0,2022-10-31,2022-10-31,"株式会社龍興",,301,"愛知県","豊川市","東曙町２７５",,23,207,4420011,,,,,,,2022-10-31,1,,,,,"リュウコウ",0
740,3180303005485,01,0,2022-10-31,2022-10-31,"合同会社ＥＬＩＡＳＣＯＭＰＡＮＹ",,305,"愛知県","岡崎市","田口町字若草１番地１８",,23,202,4443172,,,,,,,2022-10-31,1,,,,,"エリアスコンパニ",0
741,3190002017624,01,1,2022-10-31,2015-10-05,"有限会社スクリーン",,302,"愛知県","あま市","七宝町下之森屋敷代４６７番地１コンフォール下之森Ｂ棟１０１号",,23,237,4970006,,,,,,,2015-10-05,1,,,,,"スクリーン",0
742,3200001020692,01,1,2022-10-31,2015-10-05,"株式会社シンエイ",,301,"岐阜県","多治見市","高田町５丁目１番地",,21,204,5070018,,,,,,,2015-10-05,1,,,,,"シンエイ",0
743,3200002010131,01,1,2022-10-31,2015-10-05,"有限会社野村建設",,302,"岐阜県","本巣市","政田１３５０番地",,21,218,5010471,,,,,,,2015-10-05,1,,,,,"ノムラケンセツ",0
744,3200005007364,01,1,2022-10-31,2015-10-05,"特定非営利活動法人可児市国際交流協会",,399,"岐阜県","可児市","下恵土１１８５番地７",,21,214,5090203,,,,,,,2015-10-05,1,,,,,"カニシコクサイコウリュウキョウカイ",0
745,3220001004066,01,1,2022-10-31,2015-10-05,"株式会社多賀板金工業所",,301,"石川県","金沢市","宮野町ホ８５番地１",,17,201,9200153,,,,,,,2015-10-05,1,,,,,"タガバンキンコウギョウショ",0
746,3220005003329,12,0,2022-10-31,2022-10-27,"石川県化粧品小売協同組合",,399,"石川県","白山市","井口町ろ５８番地３号",,17,210,9202154,,,,,,,2015-10-05,1,,,,,"イシカワケンケショウヒンコウリ",0
747,3230001014840,01,1,2022-10-31,2015-10-05,"株式会社アールクエストジャパン",,301,"富山県","中新川郡上市町","上経田５丁目１２番地",,16,322,9300372,,,,,,,2015-10-05,1,,,,,"アールクエストジャパン",0
748,3230001014964,01,1,2022-10-31,2015-10-05,"株式会社利根川組",,301,"富山県","高岡市","下黒田７８９番地４",,16,202,9330852,,,,,,,2015-10-05,0,,,,,"トネガワグミ",0
749,3230001014964,12,1,2022-10-31,2022-10-27,"株式会社利根川組",,301,"富山県","高岡市","上黒田２８５番地",,16,202,9330853,,,,,,,2015-10-05,1,,,,,"トネガワグミ",0
750,3230002002786,01,1,2022-10-31,2015-10-05,"有限会社花よし",,302,"富山県","富山市","北代５１０１番地",,16,201,9300103,,,,,,,2015-10-05,1,,,,,"ハナヨシ",0
751,3240001040539,01,1,2022-10-31,2015-10-05,"株式会社インデックス",,301,"広島県","広島市西区","横川町２丁目９番７号",,34,104,7330011,,,,,,,2015-10-05,0,,,,,"インデックス",0
752,3240001040539,12,1,2022-10-31,2022-02-22,"株式会社インデックス",,301,"広島県","広島市西区","古江東町２３番３－３１０号",,34,104,7330872,,,,,,,2015-10-05,0,,,,,"インデックス",0
753,3240001040539,12,1,2022-10-31,2022-10-27,"株式会社インデックス",,301,"広島県","広島市西区","観音本町１丁目２番３－２０２号",,34,104,7330033,,,,,,,2015-10-05,1,,,,,"インデックス",0
754,3240001048152,01,1,2022-10-31,2015-10-05,"イチケン株式会社",,301,"広島県","広島市中区","舟入町７番２３－７０１号",,34,101,7300841,,,,,,,2015-10-05,1,,,,,"イチケン",0
755,3240001052518,12,0,2022-10-31,2022-10-26,"世紀グループ株式会社",,301,"岡山県","浅口市","鴨方町六条院東３０６１－１",,33,216,7190254,,,,,,,2018-03-15,1,,,,,"セイキグループ",0
756,3240002006233,01,1,2022-10-31,2015-10-05,"有限会社小松ハウス",,302,"広島県","広島市中区","大手町３丁目６番１９号",,34,101,7300051,,,,,,,2015-10-05,1,,,,,"コマツハウス",0
757,3240005015479,01,0,2022-10-31,2022-10-31,"一般社団法人ナノカ",,399,"広島県","福山市","手城町４丁目７番２－２０３号",,34,207,7210966,,,,,,,2022-10-31,1,,,,,"ナノカ",0
758,3250001001770,01,1,2022-10-31,2015-10-05,"株式会社ウイング山口",,301,"山口県","山口市","錦町１０番３号",,35,203,7530068,,,,,,,2015-10-05,1,,,,,"ウイングヤマグチ",0
759,3250001002843,01,1,2022-10-31,2015-10-05,"株式会社Ｔ＆Ａ",,301,"山口県","山口市","吉敷中東４丁目１２番１５号",,35,203,7530813,,,,,,,2015-10-05,1,,,,,"ティーアンドエー",0
760,3250002000350,01,1,2022-10-31,2015-10-05,"有限会社岡村建材店",,302,"山口県","山口市","小郡下郷７４３番地の４",,35,203,7540002,,,,,,,2015-10-05,1,,,,,"オカムラケンザイテン",0
761,3260001007833,01,1,2022-10-31,2015-10-05,"株式会社アライエンス岡山",,301,"岡山県","岡山市南区","飽浦２１７番地の１",,33,104,7028013,,,,,,,2015-10-05,1,,,,,"アライエンスオカヤマ",0
762,3270002002510,01,1,2022-10-31,2015-10-05,"丸嘉漁業有限会社",,302,"鳥取県","岩美郡岩美町","大字田後３４番地の１５",,31,302,6810071,,,,,,,2015-10-05,1,,,,,"マルヨシギョギョウ",0
763,3290001052281,21,0,2022-10-31,2022-10-26,"株式会社翔和",,301,"福岡県","福岡市南区","南大橋２丁目１番１９－１０１号",,40,134,8150034,,,2022-10-26,01,,,2015-10-05,1,,,,,"ショウワ",0
764,3290001059368,01,1,2022-10-31,2015-10-05,"株式会社ララリアン",,301,"福岡県","飯塚市","下三緒１１５番地１",,40,205,8200012,,,,,,,2015-10-05,1,,,,,"ララリアン",0
765,3290001059979,01,1,2022-10-31,2015-10-05,"株式会社関家具製作所",,301,"福岡県","大川市","大字三丸１７７７",,40,212,8310026,,,,,,,2015-10-05,0,,,,,,0
766,3290001059979,11,1,2022-10-31,2016-02-08,"株式会社ルームウェア",,301,"福岡県","大川市","大字三丸１７７７",,40,212,8310026,,,,,,,2015-10-05,0,,,,,"ルームウェア",0
767,3290001059979,12,1,2022-10-31,2016-02-08,"株式会社ルームウェア",,301,"福岡県","大川市","大字一木５６番地１",,40,212,8310034,,,,,,,2015-10-05,1,,,,,"ルームウェア",0
768,3290001099356,01,0,2022-10-31,2022-10-31,"株式会社モリノキ",,301,"福岡県","太宰府市","宰府５丁目２６番３３号",,40,221,8180117,,,,,,,2022-10-31,1,,,,,"モリノキ",0
769,3290001099372,01,0,2022-10-31,2022-10-31,"株式会社ＮＩＬＥ　ＰＲＯＭＯＴＩＯＮ",,301,"福岡県","福岡市中央区","赤坂３丁目９番２４号",,40,133,8100042,,,,,,,2022-10-31,1,,,,,"ナイルプロモーション",0
770,3290002042562,01,1,2022-10-31,2015-10-05,"有限会社ＳＨＡＨ　ＪＥＥ　ＴＲＡＤＩＮＧ　ＣＯＭＰＡＮＹ　ＬＴＤ．",,302,"福岡県","筑紫野市","光が丘３丁目１９番地６",,40,217,8180036,,,,,,,2015-10-05,1,,,,,"シャージートレーディングカンパニー",0
771,3290002044996,01,1,2022-10-31,2015-10-05,"有限会社大谷産業",,302,"福岡県","飯塚市","津原１２８５番地の１",,40,205,8200086,,,,,,,2015-10-05,1,,,,,"オオタニサンギョウ",0
772,3290003007291,01,1,2022-10-31,2017-06-20,"チアフル合同会社",,305,"福岡県","福岡市中央区","小笹３丁目２１番５２号",,40,133,8100033,,,,,,,2017-06-20,1,,,,,"チアフル",0
773,3290003013117,01,0,2022-10-31,2022-10-31,"ＨＴ合同会社",,305,"福岡県","福岡市博多区","千代４丁目１１番２９－３０１号",,40,132,8120044,,,,,,,2022-10-31,1,,,,,"エイチティー",0
774,3290801013870,01,1,2022-10-31,2015-10-05,"株式会社エートゥーゼット",,301,"福岡県","北九州市八幡東区","槻田１丁目１５番２号",,40,108,8050031,,,,,,,2015-10-05,0,,,,,"エートゥーゼット",0
775,3290801013870,12,1,2022-10-31,2017-10-27,"株式会社エートゥーゼット",,301,"福岡県","北九州市小倉南区","長野本町４丁目９番",,40,107,8000241,,,,,,,2015-10-05,1,,,,,"エートゥーゼット",0
776,3290801018663,12,0,2022-10-31,2022-10-06,"株式会社興隆",,301,"福岡県","北九州市八幡東区","山路１丁目１４－５０",,40,108,8050035,,,,,,,2015-10-05,1,,,,,,0
777,3290801027879,01,1,2022-10-31,2021-10-08,"株式会社ホットスタッフ宮若",,301,"福岡県","宮若市","本城１０８４番地１",,40,226,8230003,,,,,,,2021-10-08,1,,,,,"ホットスタッフミヤワカ",0
778,3290803004240,01,0,2022-10-31,2022-10-31,"合同会社Ｍ．Ｍ．ｃｏｒｐｏｒａｔｉｏｎ",,305,"福岡県","京都郡苅田町","大字与原１９４５番地１９",,40,621,8000323,,,,,,,2022-10-31,1,,,,,"エムエムコーポレーション",0
779,3310001017554,21,0,2022-10-31,2022-10-27,"九州志賀商事株式会社",,301,"長崎県","佐世保市","愛宕町１９７番地１シガハイツ２０３号",,42,202,8580917,,,2022-10-27,01,,,2021-11-04,1,,,,,"キュウシュウシガショウジ",0
780,3330001009574,21,0,2022-10-31,2022-10-28,"株式会社葵国際観光ホテル",,301,"熊本県","菊池市","隈府１１０４番地",,43,210,8611331,,,2022-10-28,01,,,2015-10-05,1,,,,,,0
781,3330001011357,12,0,2022-10-31,2022-10-26,"株式会社津山開発",,301,"熊本県","上益城郡益城町","大字田原３７６番地１",,43,443,8612202,,,,,,,2015-10-05,1,,,,,"ツヤマカイハツ",0
782,3330002025281,01,1,2022-10-31,2015-10-05,"有限会社内田防水工業",,302,"熊本県","宇城市","三角町波多３７８０番地",,43,213,8693205,,,,,,,2015-10-05,1,,,,,"ウチダボウスイコウギョウ",0
783,3330002026610,12,0,2022-10-31,2022-10-25,"有限会社クラヨシ",,302,"神奈川県","大和市","中央２丁目１番９－１１０３号",,14,213,2420021,,,,,,,2015-10-05,1,,,,,"クラヨシ",0
784,3350003004209,01,0,2022-10-31,2022-10-31,"合同会社シークラウン",,305,"宮崎県","都城市","蓑原町１８４１番地１ひかりタウンＬ棟",,45,202,8850095,,,,,,,2022-10-31,1,,,,,"シークラウン",0
785,3360005006739,01,0,2022-10-31,2022-10-31,"一般社団法人絆",,399,"沖縄県","那覇市","字小禄７８１番地５Ｓ・Ｋパレス３－Ａ",,47,201,9010152,,,,,,,2022-10-31,1,,,,,"キズナ",0
786,3370001002121,01,1,2022-10-31,2015-10-05,"株式会社平間建設",,301,"宮城県","仙台市太白区","長町南４丁目２１番３１号",,04,104,9820012,,,,,,,2015-10-05,1,,,,,"ヒラマケンセツ",0
787,3370001020115,01,1,2022-10-31,2015-10-05,"株式会社エステートホーム",,301,"宮城県","仙台市青葉区","昭和町５番５３号",,04,101,9810913,,,,,,,2015-10-05,1,,,,,"エステートホーム",0
788,3370001038776,01,1,2022-10-31,2015-11-10,"株式会社Ｍ’ｓ　Ｇｒｏｕｐ",,301,"宮城県","仙台市青葉区","本町１丁目９番２３号",,04,101,9800014,,,,,,,2015-11-10,0,,,,,"エムズグループ",0
789,3370001038776,12,1,2022-10-31,2022-10-13,"株式会社Ｍ’ｓ　Ｇｒｏｕｐ",,301,"宮城県","仙台市青葉区","中央４丁目１番１号",,04,101,9800021,,,,,,,2015-11-10,1,,,,,"エムズグループ",0
790,3370001046663,01,1,2022-10-31,2021-02-04,"株式会社Ｂｉｚ　Ｆｒｅａｋ",,301,"宮城県","仙台市太白区","長町８丁目１１番５８号スコーピオ２０１",,04,104,9820011,,,,,,,2021-02-04,1,,,,,,0
791,3370002009306,01,1,2022-10-31,2015-10-05,"有限会社青葉クリーンサービス",,302,"宮城県","仙台市青葉区","大町２丁目２番２－５０８号",,04,101,9800804,,,,,,,2015-10-05,1,,,,,"アオバクリーンサービス",0
792,3370002019008,01,1,2022-10-31,2015-10-05,"有限会社オフィス・ディ",,302,"宮城県","仙台市青葉区","上杉３丁目６番７－５０２号",,04,101,9800011,,,,,,,2015-10-05,0,,,,,"オフィスディ",0
793,3370002019008,12,1,2022-10-31,2017-06-08,"有限会社オフィス・ディ",,302,"宮城県","仙台市青葉区","北根１丁目１３番１－２７０８号",,04,101,9810902,,,,,,,2015-10-05,1,,,,,"オフィスディ",0
794,3380001008761,01,1,2022-10-31,2015-10-05,"株式会社コスモファーマ東京",,301,"福島県","郡山市","桑野３丁目１２番２号",,07,203,9638025,,,,,,,2015-10-05,1,,,,,"コスモファーマトウキョウ",0
795,3380001013415,01,1,2022-10-31,2015-10-05,"東北ネヂ製造株式会社",,301,"福島県","いわき市","泉町黒須野字砂利５９番地",,07,204,9718184,,,,,,,2015-10-05,1,"TOHOKU BOLT MFG. Co., Ltd.","Fukushima","59, Aza Jari, Kurosuno, Izumi-cho, Iwaki shi",,"トウホクネヂセイゾウ",0
796,3380001019759,01,1,2022-10-31,2015-10-05,"株式会社ケーユーウェルディング",,301,"福島県","会津若松市","河東町郡山字新屋敷９６番地",,07,202,9693481,,,,,,,2015-10-05,1,,,,,"ケーユーウェルディング",0
797,3380001033215,01,0,2022-10-31,2022-10-31,"株式会社拓寿会",,301,"福島県","いわき市","植田町東荒田３５番地の６",,07,204,9748261,,,,,,,2022-10-31,1,,,,,"タクジュカイ",0
798,3380005000475,01,1,2022-10-31,2015-10-05,"学校法人さくら幼稚園",,399,"福島県","福島市","松川町字東長壇１９番地の１７",,07,201,9601241,,,,,,,2015-10-05,1,,,,,"サクラヨウチエン",0
799,3390002014923,12,0,2022-10-31,2022-10-26,"有限会社イーストベース",,302,"東京都","台東区","花川戸２丁目４番１１号奥栄ビル１階",,13,106,1110033,,,,,,,2015-10-05,1,,,,,"イーストベース",0
800,3390003002010,01,0,2022-10-31,2022-10-31,"ＹＡＭＡＧＩＮｃｏｒｐｏｒａｔｉｏｎ合同会社",,305,"山形県","新庄市","金沢１０７３番地の２",,06,205,9960002,,,,,,,2022-10-31,1,,,,,"ヤマギンコーポレーション",0
801,3410001011489,01,1,2022-10-31,2017-04-14,"株式会社こばと",,301,"秋田県","男鹿市","払戸字横長根８６番地３",,05,206,0100431,,,,,,,2017-04-14,0,,,,,"コバト",0
802,3410001011489,12,1,2022-10-31,2022-10-26,"株式会社こばと",,301,"秋田県","男鹿市","船越字前野１２番地１",,05,206,0100341,,,,,,,2017-04-14,1,,,,,"コバト",0
803,3410005003846,01,1,2022-10-31,2015-10-05,"脇廼沢稲荷神社",,399,"秋田県","能代市","字柏子所５８番地４",,05,202,0160166,,,,,,,2015-10-05,1,,,,,"ワキノサワイナリジンジャ",0
804,3420001005688,01,1,2022-10-31,2015-10-05,"荻野防水株式会社",,301,"青森県","八戸市","江陽２丁目８番１７号",,02,203,0310801,,,,,,,2015-10-05,1,,,,,"オギノボウスイ",0
805,3420002006792,21,0,2022-10-31,2022-10-25,"株式会社蔵前",,301,"青森県","八戸市","大字市川町字上大谷地１３番地２",,02,203,0392241,,,2022-10-25,01,,,2015-10-05,1,,,,,"クラマエ",0
806,3420002007675,01,1,2022-10-31,2015-10-05,"有限会社高村建設",00087600,302,"青森県","八戸市","大字妙字油久保４６番地６",,02,203,0310814,,,,,,,2015-10-05,1,,,,,"タカムラケンセツ",0
807,3430001041105,01,1,2022-10-31,2015-10-05,"株式会社ファルス",,301,"北海道","札幌市白石区","本郷通８丁目北７番８－９０２号",,01,104,0030025,,,,,,,2015-10-05,0,,,,,"ファルス",0
808,3430001041105,21,0,2022-10-31,2022-10-24,"株式会社ファルス",,301,"北海道","札幌市白石区","本郷通８丁目北７番８－９０２号",,01,104,0030025,,,2022-10-24,01,,,2015-10-05,1,,,,,"ファルス",0
809,3430001043324,01,1,2022-10-31,2015-10-05,"株式会社丸忠児玉興業",,301,"北海道","石狩郡当別町","末広５４６番地６",,01,303,0610224,,,,,,,2015-10-05,0,,,,,"マルチュウコダマコウギョウ",0
810,3430001043324,12,1,2022-10-31,2022-10-18,"株式会社丸忠児玉興業",,301,"北海道","札幌市北区","篠路四条５丁目３番２０号",,01,102,0028024,,,,,,,2015-10-05,1,,,,,"マルチュウコダマコウギョウ",0
811,3430001065806,12,0,2022-10-31,2022-10-06,"株式会社ローソンファーム北海道岩内",,301,"北海道","岩内郡岩内町","字大浜８８番地１",,01,402,0450001,,,,,,,2015-10-05,1,,,,,"ローソンファームホッカイドウイワナイ",0
812,3430001068593,12,0,2022-10-31,2022-10-18,"株式会社スクデット・ソフトウェア",,301,"北海道","札幌市中央区","大通西９丁目３番地３３",,01,101,0600042,,,,,,,2015-10-05,1,,,,,"スクデットソフトウェア",0
813,3430002003839,01,1,2022-10-31,2015-10-05,"有限会社オートショップ札幌",,302,"北海道","札幌市北区","新川二条１丁目２番４３号",,01,102,0010922,,,,,,,2015-10-05,1,,,,,"オートショップサッポロ",0
814,3430003009513,12,0,2022-10-31,2022-10-20,"合同会社ＰＯＧＯ",,305,"北海道","札幌市中央区","大通西６丁目６番地１０ミナミ石油ビル４階",,01,101,0600042,,,,,,,2018-07-05,1,,,,,"ポゴ",0
815,3430003013110,12,0,2022-10-31,2022-10-21,"合同会社ＦｒｅｅｌａｎｃｅＢａｎｋ",,305,"北海道","札幌市東区","伏古十二条５丁目６番２１号",,01,103,0070872,,,,,,,2021-09-03,1,,,,,"フリーランスバンク",0
816,3430005004396,12,0,2022-10-31,2022-10-21,"監査法人ハイビスカス",,399,"北海道","札幌市北区","北八条西６丁目２－２０新和ビル６階",,01,102,0600808,,,,,,,2015-10-05,1,,,,,"ハイビスカス",0
817,3430005014362,12,0,2022-10-31,2022-10-26,"一般社団法人地域経営研究所",,399,"北海道","札幌市西区","琴似一条４丁目４番１７－５０２号",,01,107,0630811,,,,,,,2022-01-07,1,,,,,"チイキケイエイケンキュウジョ",0
818,3450001012632,12,0,2022-10-31,2022-10-25,"株式会社ファインズ",,301,"北海道","札幌市白石区","栄通１４丁目３番２７号",,01,104,0030021,,,,,,,2019-01-31,1,,,,,"ファインズ",0
819,3480003001886,01,0,2022-10-31,2022-10-31,"ＫＥＮ合同会社",,305,"徳島県","徳島市","北佐古二番町５番３０号",,36,201,7700012,,,,,,,2022-10-31,1,,,,,"ケン",0
820,3500001002165,01,1,2022-10-31,2015-10-05,"株式会社住宅情報館",,301,"愛媛県","松山市","大街道３丁目２番地３４",,38,201,7900004,,,,,,,2015-10-05,0,,,,,,0
821,3500001002165,11,1,2022-10-31,2017-04-03,"株式会社タカラレーベン西日本",,301,"愛媛県","松山市","大街道３丁目２番地３４",,38,201,7900004,,,,,,,2015-10-05,0,,,,,"タカラレーベンニシニホン",0
822,3500001002165,12,1,2022-10-31,2018-06-22,"株式会社タカラレーベン西日本",,301,"愛媛県","松山市","三番町４丁目９番地６",,38,201,7900003,,,,,,,2015-10-05,0,,,,,"タカラレーベンニシニホン",0
823,3500001002165,12,1,2022-10-31,2020-05-29,"株式会社タカラレーベン西日本",,301,"愛媛県","松山市","一番町４丁目１番地３",,38,201,7900001,,,,,,,2015-10-05,0,,,,,"タカラレーベンニシニホン",0
824,3500001002165,12,1,2022-10-31,2021-05-10,"株式会社タカラレーベン西日本",,301,"愛媛県","松山市","二番町３丁目６番地５",,38,201,7900002,,,,,,,2015-10-05,0,,,,,"タカラレーベンニシニホン",0
825,3500001002165,11,1,2022-10-31,2022-10-07,"株式会社タカラレーベン",,301,"愛媛県","松山市","二番町３丁目６番地５",,38,201,7900002,,,,,,,2015-10-05,0,,,,,"タカラレーベン",0
826,3500001002165,12,1,2022-10-31,2022-10-14,"株式会社タカラレーベン",,301,"東京都","千代田区","丸の内１丁目８番２号",,13,101,1000005,,,,,,,2015-10-05,0,,,,,"タカラレーベン",0
827,3500001002165,71,1,2022-10-31,2022-10-19,"株式会社タカラレーベン",,301,"東京都","千代田区","丸の内１丁目８番２号",,13,101,1000005,,,,,,"令和４年１０月１日仙台市青葉区中央二丁目２番１０号株式会社タカラレーベン東北（6013301020668）を合併",2015-10-05,1,,,,,"タカラレーベン",0
828,3500001004731,01,1,2022-10-31,2015-10-05,"株式会社佐々木工業所",,301,"愛媛県","伊予市","湊町６６番地",,38,210,7993115,,,,,,,2015-10-05,1,,,,,"ササキコウギョウショ",0
829,3500001018491,01,1,2022-10-31,2015-10-05,"株式会社ラグーンホールディングス",,301,"愛媛県","新居浜市","坂井町２丁目２番３８号",,38,205,7920812,,,,,,,2015-10-05,1,,,,,"ラグーンホールディングス",0
830,3700150002251,11,0,2022-10-31,2021-12-31,"Ｆｉｄｅｎｔｉａ　Ｎｏ４５７　ＬＬＰ",,401,"東京都","千代田区","霞が関３丁目２－６東京倶楽部ビルディング６階",,13,101,1000013,"Ｏｎｅ　Ｌｉｍｅ　Ｓｔｒｅｅｔ　Ｌｏｎｄｏｎ　ＥＣ３Ｍ　７ＨＡ　ＵＫ",,,,,,2015-10-09,1,,,,,"フイデンテイアナンバーフオーフアイブセブンエルエルピー",0
831,3700150033247,12,0,2022-10-31,2022-10-11,"Ｈｉｒａｆｕ　Ｉｎｖｅｓｔｍｅｎｔｓ　Ｐｔｙ　Ｌｔｄ",,401,"北海道","虻田郡倶知安町","ニセコひらふ二条１丁目５番３１号",,01,400,0440089,"オーストラリア連邦、ニューサウスウェールズ州、マンリーヴェール、ラヴェットストリート２３",,,,,,2015-10-09,1,,,,,"ヒラフインベストメンツピーテイーワイリミテツド",0
832,3700150112414,01,0,2022-10-31,2022-10-31,"ＢＨＡＲＡＴ　ＳＥＡＴＳ　ＬＩＭＩＴＥＤ",,401,"静岡県","浜松市中区","東伊場１丁目１９番１６号土屋ビル１階",,22,131,4328036,"インド１１００７０ニューデリー、バサント・クンジ、ネルソン・マンデラ・ロード１",,,,,,2022-10-31,1,,,,,"バハラツトシートリミテツド",0
833,4010001001892,12,0,2022-10-31,2022-10-27,"函南スプリングス株式会社",,301,"東京都","台東区","東上野２丁目９番１号",,13,106,1100015,,,,,,,2015-10-05,1,,,,,"カンナミスプリングス",0
834,4010001029042,11,0,2022-10-31,2022-10-12,"株式会社保健同人フロンティア",,301,"東京都","港区","新橋１丁目１番１号日比谷ビルディング",,13,103,1050004,,,,,,,2015-10-05,1,,,,,"ホケンドウジンフロンティア",0
835,4010001142092,12,0,2022-10-31,2022-10-26,"株式会社零",,301,"東京都","台東区","西浅草１丁目４番３号西浅草松井ビル１００１号",,13,106,1110035,,,,,,,2015-10-05,1,,,,,"レイ",0
836,4010001156217,12,0,2022-10-31,2022-10-12,"株式会社ヌーヴェル",,301,"東京都","港区","芝５丁目３１番１７号ＰＭＯ田町５階",,13,103,1080014,,,,,,,2015-10-05,1,,,,,"ヌーヴェル",0
837,4010001202094,12,0,2022-10-31,2022-10-13,"Ｇｒｅａｔ　Ｅａｇｌｅ　Ｊａｐａｎ株式会社",,301,"東京都","港区","赤坂１丁目１１番４４号赤坂インターシティ５階Ｍａｚａｒｓ・Ｊａｐａｎ株式会社内",,13,103,1070052,,,,,,,2019-07-03,1,,,,,"グレートイーグルジャパン",0
838,4010001220451,12,0,2022-10-31,2022-10-26,"Ａｒｇｏ株式会社",,301,"東京都","中央区","日本橋大伝馬町１３番７号日本橋大富ビル２階",,13,102,1030011,,,,,,,2021-08-17,1,,,,,"アルゴ",0
839,4010001230442,01,0,2022-10-31,2022-10-31,"株式会社ｓｉｎｃｅｒｉｔｙ",,301,"東京都","中央区","日本橋蛎殻町１丁目３２番２号",,13,102,1030014,,,,,,,2022-10-31,1,,,,,"シンスリティ",0
840,4010005026077,12,0,2022-10-31,2022-10-26,"一般社団法人ＳＮＳエキスパート協会",,399,"東京都","港区","虎ノ門４丁目１番１３号",,13,103,1050001,,,,,,,2016-12-07,1,,,,,"エスエヌエスエキスパートキョウカイ",0
841,4010401075470,01,1,2022-10-31,2015-10-05,"株式会社トゥジュールヴェール",,301,"東京都","港区","赤坂３丁目５番８号",,13,103,1070052,,,,,,,2015-10-05,0,,,,,"トゥジュールヴェール",0
842,4010401075470,12,0,2022-10-31,2022-10-26,"株式会社トゥジュールヴェール",,301,"北海道","虻田郡倶知安町","字富士見４５５番地",,01,400,0440075,,,,,,,2015-10-05,1,,,,,"トゥジュールヴェール",0
843,4010401170387,01,0,2022-10-31,2022-10-31,"Ｈ２ソリューション株式会社",,301,"東京都","港区","港南２丁目１６番２号太陽生命品川ビル２８階",,13,103,1080075,,,,,,,2022-10-31,1,,,,,"エイチツーソリューション",0
844,4010402032850,11,0,2022-10-31,2022-10-26,"株式会社アークウィザード",,301,"東京都","港区","新橋１丁目４番３号",,13,103,1050004,,,,,,,2015-10-05,1,,,,,"アークウィザード",0
845,4010402034228,01,1,2022-10-31,2015-10-05,"有限会社ハリーズカンパニー",,302,"東京都","港区","六本木３丁目２番２４号",,13,103,1060032,,,,,,,2015-10-05,1,,,,,"ハリーズカンパニー",0
846,4010403014468,01,1,2022-10-31,2016-02-26,"合同会社木田医科学研究所",,305,"東京都","港区","芝浦４丁目２０番２－３０１６号",,13,103,1080023,,,,,,,2016-02-26,0,,,,,"キダイカガクケンキュウジョ",0
847,4010403014468,12,1,2022-10-31,2017-02-20,"合同会社木田医科学研究所",,305,"神奈川県","横浜市青葉区","荏田西３丁目２４番地１８",,14,117,2250014,,,,,,,2016-02-26,0,,,,,"キダイカガクケンキュウジョ",0
848,4010403014468,12,1,2022-10-31,2022-02-02,"合同会社木田医科学研究所",,305,"東京都","多摩市","聖ヶ丘１丁目２８番２６号ルミネ永山ＩＩＩ－３０２号",00125636,13,224,2060022,,,,,,,2016-02-26,1,,,,,"キダイカガクケンキュウジョ",0
849,4010405021479,01,0,2022-10-31,2022-10-31,"一般社団法人海と日本プロジェクトｉｎ東京",,399,"東京都","港区","虎ノ門４丁目３番１２号日経虎ノ門別館３Ｆ株式会社テレビ東京ダイレクト内",,13,103,1050001,,,,,,,2022-10-31,1,,,,,"ウミトニッポンプロジェクトイントウキョウ",0
850,4010501044994,12,0,2022-10-31,2022-10-26,"聖和日康株式会社",,301,"東京都","足立区","大谷田３丁目１７番４サンフラワー１号館１０３Ａ",,13,121,1200001,,,,,,,2019-12-11,1,,,,,"セイワニッコウ",0
851,4010503002983,01,1,2022-10-31,2015-10-05,"合資会社レストラン大坂屋",,304,"東京都","台東区","浅草３丁目７番７号",,13,106,1110032,,,,,,,2015-10-05,1,,,,,"レストランオオサカヤ",0
852,4010601057938,12,0,2022-10-31,2022-10-27,"耀く峠株式会社",,301,"千葉県","八千代市","大和田２０７－１１セザール大和田２号館１０１号室",,12,221,2760045,,,,,,,2020-09-08,1,,,,,"カガヤクトウゲ",0
853,4010601062070,01,0,2022-10-31,2022-10-31,"株式会社ＴｕｒｔｏＮ",,301,"東京都","江東区","有明１丁目４番２０－３２９号",,13,108,1350063,,,,,,,2022-10-31,1,,,,,"タートン",0
854,4010601062079,01,0,2022-10-31,2022-10-31,"９ＣＯＬＯＲＳ株式会社",,301,"東京都","江東区","東陽２丁目５番１５－６０６号セイワマンション",,13,108,1350016,,,,,,,2022-10-31,1,,,,,"ナインカラーズ",0
855,4010602000681,01,1,2022-10-31,2015-10-05,"有限会社大内商店",,302,"東京都","江東区","千田４番６号",,13,108,1350013,,,,,,,2015-10-05,1,,,,,"オオウチショウテン",0
856,4010701033509,01,1,2022-10-31,2016-12-27,"株式会社ＢＵＰＯ",,301,"東京都","品川区","上大崎２丁目１０番１１号アビティ目黒３０６",,13,109,1410021,,,,,,,2016-12-27,1,,,,,"ブーボ",0
857,4010701042006,12,0,2022-10-31,2022-10-27,"株式会社フリーダムアクセス",,301,"東京都","中央区","銀座１丁目２２番１１号銀座大竹ビジデンス２階",,13,102,1040061,,,,,,,2022-01-12,1,,,,,"フリーダムアクセス",0
858,4010801014722,12,0,2022-10-31,2022-10-20,"株式会社トーショーホールディングス",,301,"東京都","大田区","東糀谷３丁目８番８号",,13,111,1440033,,,,,,,2015-10-05,1,,,,,"トーショーホールディングス",0
859,4010801021702,01,1,2022-10-31,2015-10-05,"株式会社ニットー・コーポレーション",,301,"東京都","新宿区","富久町７番地６号",,13,104,1620067,,,,,,,2015-10-05,0,,,,,"ニットウコーポレーション",0
860,4010801021702,12,1,2022-10-31,2015-10-29,"株式会社ニットー・コーポレーション",,301,"東京都","新宿区","高田馬場２丁目１４番８号ＮＴビル２階",,13,104,1690075,,,,,,,2015-10-05,0,,,,,"ニットウコーポレーション",0
861,4010801021702,12,1,2022-10-31,2020-06-12,"株式会社ニットー・コーポレーション",,301,"東京都","新宿区","西新宿６丁目１６番１３号",,13,104,1600023,,,,,,,2015-10-05,0,,,,,"ニットウコーポレーション",0
862,4010801021702,12,1,2022-10-31,2021-05-24,"株式会社ニットー・コーポレーション",,301,"東京都","新宿区","新宿１丁目４番１３号",,13,104,1600022,,,,,,,2015-10-05,0,,,,,"ニットウコーポレーション",0
863,4010801021702,12,1,2022-10-31,2022-10-26,"株式会社ニットー・コーポレーション",,301,"東京都","新宿区","愛住町２３番地１",,13,104,1600005,,,,,,,2015-10-05,1,,,,,"ニットウコーポレーション",0
864,4010802008129,01,1,2022-10-31,2015-10-05,"有限会社セレネ興産",,302,"東京都","大田区","南馬込４丁目３６番１１号",,13,111,1430025,,,,,,,2015-10-05,1,,,,,"セレネコウサン",0
865,4010901049016,12,0,2022-10-31,2022-10-27,"株式会社ＡＰＯＬＬＯ",,301,"東京都","世田谷区","桜丘５丁目４７番２０号桜丘リーダースマンション５０１号",,13,112,1560054,,,,,,,2021-07-06,1,,,,,"アポロ",0
866,4010901051871,01,0,2022-10-31,2022-10-31,"株式会社ｔｏｉｓ",,301,"東京都","世田谷区","北沢２丁目２７番９号いいオフィス下北沢",,13,112,1550031,,,,,,,2022-10-31,1,,,,,"トイス",0
867,4010903007748,01,0,2022-10-31,2022-10-31,"ｔｅｒｒａ　ｎｏｔｅ合同会社",,305,"東京都","世田谷区","代田４丁目２番２６号",,13,112,1550033,,,,,,,2022-10-31,1,,,,,"テラノーテ",0
868,4011001038090,01,1,2022-10-31,2015-10-05,"株式会社ジオンコンサルティング",,301,"東京都","目黒区","自由が丘２丁目２２番２０号",,13,110,1520035,,,,,,,2015-10-05,1,,,,,"ジオンコンサルティング",0
869,4011001055929,01,1,2022-10-31,2015-10-05,"株式会社ＫＢＮコンサルティング",,301,"神奈川県","川崎市高津区","溝口３丁目１－５６",,14,134,2130001,,,,,,,2015-10-05,1,,,,,"ケイビーエヌコンサルティング",0
870,4011001063072,12,0,2022-10-31,2022-10-19,"株式会社アシスト",,301,"東京都","渋谷区","松濤１丁目２８－２",,13,113,1500046,,,,,,,2015-10-05,1,,,,,"アシスト",0
871,4011001072866,12,0,2022-10-31,2022-10-14,"株式会社ＮＩＫＯＬＡ　ＴＥＳＬＡ",,301,"東京都","渋谷区","神宮前３丁目３１－６",,13,113,1500001,,,,,,,2015-10-05,1,,,,,"ニコラテスラ",0
872,4011001104446,12,0,2022-10-31,2022-10-21,"株式会社リパブリック",,301,"東京都","渋谷区","恵比寿南１丁目１１番１５号恵比寿ＫＤビル４階",,13,113,1500022,,,,,,,2015-10-05,1,,,,,"リパブリック",0
873,4011001122547,12,0,2022-10-31,2022-10-25,"わくわく経営株式会社",,301,"愛知県","名古屋市中区","栄５丁目２６番３９号",,23,106,4600008,,,,,,,2018-06-05,1,,,,,"ワクワクケイエイ",0
874,4011001128445,12,0,2022-10-31,2022-10-19,"株式会社アクティバル",,301,"東京都","渋谷区","神宮前６丁目２３番４号桑野ビル２階",,13,113,1500001,,,,,,,2019-06-17,1,,,,,"アクティバル",0
875,4011001143774,12,0,2022-10-31,2022-10-21,"株式会社Ｌｅｏ　Ｓｏｐｈｉａ　Ｇｒｏｕｐ",,301,"東京都","目黒区","下目黒１丁目８番１号",,13,110,1530064,,,,,,,2021-11-18,1,,,,,"レオソフィアグループ",0
876,4011001146240,12,0,2022-10-31,2022-10-27,"株式会社ミ・ノルバ",,301,"東京都","千代田区","外神田３丁目６番１７号フェニックスビル５０２",,13,101,1010021,,,,,,,2022-03-11,1,,,,,"ミノルバ",0
877,4011002036639,12,0,2022-10-31,2022-10-14,"有限会社ＣＵＢＥ",,302,"東京都","渋谷区","神宮前３丁目３１－６",,13,113,1500001,,,,,,,2015-10-05,1,,,,,"シーユービーイー",0
878,4011003005683,11,0,2022-10-31,2022-10-11,"株式会社ＥＬＹ",,301,"東京都","目黒区","鷹番３丁目２１番１４号",,13,110,1520004,,,,,,,2015-10-05,1,,,,,"イーエルワイ",0
879,4011003008736,12,0,2022-10-31,2022-10-26,"フェニックス合同会社",,305,"東京都","港区","新橋６丁目１５－１－５０３号",,13,103,1050004,,,,,,,2018-05-01,1,,,,,"フェニックス",0
880,4011003012738,11,0,2022-10-31,2022-10-24,"ＷＥＬＩＳＭ合同会社",,305,"東京都","港区","三田１丁目２－２０ＢＩＲＴＨ－ＩＮ－ＲＥＳＩＤＥＮＣＥ麻布十番２０３号室",,13,103,1080073,,,,,,,2021-05-20,1,,,,,"ウェリズム",0
881,4011101011600,12,0,2022-10-31,2022-10-26,"株式会社創和建築事務所",,301,"東京都","新宿区","住吉町６番３号",,13,104,1620065,,,,,,,2015-10-05,1,,,,,"ソウワケンチクジムショ",0
882,4011103009584,12,0,2022-10-31,2022-10-28,"ＭＲＭ合同会社",,305,"東京都","新宿区","大久保３丁目８－１－２３０２",,13,104,1690072,,,,,,,2020-03-26,1,,,,,"エムアールエム",0
883,4011103012316,01,0,2022-10-31,2022-10-31,"Ｑｕｅｅｎ　Ｂｅｅ合同会社",,305,"東京都","新宿区","新小川町９番１０－１０４号",,13,104,1620814,,,,,,,2022-10-31,1,,,,,"クイーンビー",0
884,4011201000263,01,1,2022-10-31,2015-10-05,"株式会社アトリエいしくら",,301,"東京都","中野区","沼袋２丁目２８番３４号",,13,114,1650025,,,,,,,2015-10-05,1,,,,,"アトリエイシクラ",0
885,4011201019667,12,0,2022-10-31,2022-10-26,"株式会社メイテンス",,301,"東京都","中野区","中野３丁目３０－１２中野ソレイユ１２Ｆ",,13,114,1640001,,,,,,,2017-02-03,1,,,,,"メイテンス",0
886,4011302009906,01,1,2022-10-31,2015-10-05,"有限会社若葉",,302,"東京都","杉並区","下井草１丁目２０番１０号",,13,115,1670022,,,,,,,2015-10-05,0,,,,,"ワカバ",0
887,4011302009906,12,0,2022-10-31,2022-10-27,"有限会社若葉",,302,"神奈川県","横浜市緑区","霧が丘６丁目２番地２５",,14,113,2260016,,,,,,,2015-10-05,1,,,,,"ワカバ",0
888,4011502000284,01,1,2022-10-31,2015-10-05,"有限会社浅見電気商会",,302,"東京都","北区","浮間３丁目１６番１５号",,13,117,1150051,,,,,,,2015-10-05,1,,,,,"アサミデンキショウカイ",0
889,4011603000745,01,1,2022-10-31,2015-10-05,"合資会社マネジメント・アシスト",,304,"東京都","練馬区","上石神井３丁目１６番２号",,13,120,1770044,,,,,,,2015-10-05,1,,,,,"マネジメントアシスト",0
890,4011701023334,12,0,2022-10-31,2022-10-26,"株式会社キッズプロジェクト",,301,"東京都","港区","虎ノ門１丁目１７番１号虎ノ門ヒルズビジネスタワー１５階",,13,103,1050001,,,,,,,2020-03-04,1,,,,,"キッズプロジェクト",0
891,4011702017764,12,0,2022-10-31,2022-10-26,"有限会社ＫＩＭＵＲＡ",,302,"東京都","葛飾区","立石３丁目１１番１１号",,13,122,1240012,,,,,,,2015-10-05,1,,,,,"キムラ",0
892,4011801041475,01,0,2022-10-31,2022-10-31,"株式会社ＧＮＫ",,301,"東京都","葛飾区","四つ木４丁目１５番１６号",,13,122,1240011,,,,,,,2022-10-31,1,,,,,"ジーエヌケイ",0
893,4011802015635,01,1,2022-10-31,2015-10-05,"株式会社タム",,301,"東京都","足立区","千住桜木１丁目８番１１号",,13,121,1200045,,,,,,,2015-10-05,1,,,,,"タム",0
894,4011802028439,01,1,2022-10-31,2015-10-05,"有限会社江月",,302,"東京都","足立区","辰沼２丁目１５番２７号",,13,121,1210054,,,,,,,2015-10-05,0,,,,,,0
895,4011802028439,12,1,2022-10-31,2017-04-20,"有限会社江月",,302,"東京都","葛飾区","立石４丁目２２番５－４０２号",,13,122,1240012,,,,,,,2015-10-05,0,,,,,,0
896,4011802028439,12,1,2022-10-31,2022-10-17,"有限会社江月",,302,"東京都","葛飾区","青戸３丁目３７番６号",,13,122,1250062,,,,,,,2015-10-05,1,,,,,,0
897,4011805003216,01,0,2022-10-31,2022-10-31,"新井＆パートナーズ社会保険労務士法人",,399,"東京都","足立区","西新井栄町１丁目１８－３３－７１７",,13,121,1230843,,,,,,,2022-10-31,1,,,,,"アライアンドパートナーズ",0
898,4012401007643,01,1,2022-10-31,2015-10-05,"株式会社滉園",,301,"東京都","調布市","多摩川４丁目２５番地３",,13,208,1820025,,,,,,,2015-10-05,1,,,,,"コウエン",0
899,4012401008988,01,1,2022-10-31,2015-10-05,"株式会社川嶋",,301,"東京都","狛江市","岩戸北２丁目８番１９号",,13,219,2010004,,,,,,,2015-10-05,1,,,,,"カワシマ",0
900,4012801021921,01,1,2022-10-31,2022-10-28,"株式会社ｒｏｏｔ",,301,"東京都","立川市","砂川町８丁目３８番地の８",,13,202,1900031,,,,,,,2022-10-28,1,,,,,"ルート",0
901,4013301049866,01,0,2022-10-31,2022-10-31,"株式会社ＩＣＯ",,301,"東京都","豊島区","東池袋１丁目３３－４ニュー池袋ハイツ６０２",,13,116,1700013,,,,,,,2022-10-31,1,,,,,"アイシーオー",0
902,4013302011668,01,1,2022-10-31,2015-10-05,"有限会社バウテック、オフィス",,302,"東京都","豊島区","要町１丁目１７番８号",,13,116,1710043,,,,,,,2015-10-05,1,,,,,"バウテックオフィス",0
903,4020001002956,01,1,2022-10-31,2015-10-05,"株式会社新友",,301,"神奈川県","横浜市磯子区","岡村１丁目３番１７号",,14,107,2350021,,,,,,,2015-10-05,0,,,,,"シンユウ",0
904,4020001002956,12,1,2022-10-31,2022-10-26,"株式会社新友",,301,"神奈川県","横須賀市","追浜南町２丁目１番地",,14,201,2370065,,,,,,,2015-10-05,1,,,,,"シンユウ",0
905,4020001019356,01,1,2022-10-31,2015-10-05,"株式会社アクセス",,301,"神奈川県","横浜市都筑区","池辺町４８１５番地",,14,118,2240053,,,,,,,2015-10-05,1,,,,,"アクセス",0
906,4020001055954,21,0,2022-10-31,2022-10-25,"株式会社東京ビジネスサポート",,301,"神奈川県","横浜市都筑区","茅ケ崎東４丁目２番１号４０２",,14,118,2240033,,,2022-10-25,01,,,2015-10-05,1,,,,,"トウキョウビジネスサポート",0
907,4020001059567,01,1,2022-10-31,2015-10-05,"ワールドアーツ株式会社",,301,"神奈川県","横浜市都筑区","池辺町４８９０番地３",,14,118,2240053,,,,,,,2015-10-05,1,,,,,"ワールドアーツ",0
908,4020001064716,21,0,2022-10-31,2022-10-25,"株式会社星川美装",,301,"神奈川県","川崎市多摩区","菅１丁目１４番１０号",,14,135,2140001,,,2022-10-25,01,,,2015-10-05,1,,,,,"ホシカワビソウ",0
909,4020001079656,12,0,2022-10-31,2022-10-26,"株式会社タキオン",,301,"東京都","千代田区","大手町１丁目１番３号",,13,101,1000004,,,,,,,2015-10-05,1,,,,,"タキオン",0
910,4020001095884,01,1,2022-10-31,2015-10-05,"株式会社エフエムイー",,301,"神奈川県","横浜市瀬谷区","上瀬谷町４２番地５３",,14,114,2460006,,,,,,,2015-10-05,1,,,,,"エフエムイー",0
911,4020001102789,01,1,2022-10-31,2015-10-05,"ブルバード株式会社",,301,"神奈川県","横浜市鶴見区","駒岡２丁目８番３７号２Ｆ",,14,101,2300071,,,,,,,2015-10-05,0,,,,,"ブルバード",0
912,4020001102789,12,1,2022-10-31,2022-10-25,"ブルバード株式会社",,301,"神奈川県","横浜市鶴見区","北寺尾５丁目２番１８－１０５号",,14,101,2300074,,,,,,,2015-10-05,1,,,,,"ブルバード",0
913,4020001148691,01,0,2022-10-31,2022-10-31,"株式会社ベストマッチング",,301,"神奈川県","川崎市多摩区","枡形６丁目１８番６３号",,14,135,2140032,,,,,,,2022-10-31,1,,,,,"ベストマッチング",0
914,4020002105675,12,0,2022-10-31,2022-10-24,"有限会社アベイユプロダクト",,302,"神奈川県","川崎市麻生区","高石４丁目１７番１号",,14,137,2150003,,,,,,,2015-10-05,1,,,,,"アベイユプロダクト",0
915,4020003015452,21,0,2022-10-31,2022-10-25,"ＧＯＯＤＩＥＳ合同会社",,305,"神奈川県","川崎市多摩区","生田１丁目３番２５－１号",,14,135,2140038,,,2022-10-25,01,,,2019-01-17,1,,,,,"グッディーズ",0
916,4021001077303,01,0,2022-10-31,2022-10-31,"株式会社拓磨",,301,"神奈川県","小田原市","扇町４丁目２番５号",,14,206,2500001,,,,,,,2022-10-31,1,,,,,"タクマ",0
917,4021001077311,01,0,2022-10-31,2022-10-31,"株式会社ＵＫＩＷＡ",,301,"神奈川県","茅ヶ崎市","浜竹１丁目５番２１－２号プランドール湘南Ｂ棟１号室",,14,207,2530021,,,,,,,2022-10-31,1,,,,,"ウキワ",0
918,4021002004628,01,1,2022-10-31,2015-10-05,"有限会社松が岡企画",,302,"神奈川県","藤沢市","鵠沼海岸２丁目３番１１号",00012976,14,205,2510037,,,,,,,2015-10-05,1,,,,,"マツガオカキカク",0
919,4021002058681,01,1,2022-10-31,2015-10-05,"有限会社高保",,302,"神奈川県","平塚市","万田４６８番地",,14,203,2540913,,,,,,,2015-10-05,0,,,,,"タカヤス",0
920,4021002058681,12,1,2022-10-31,2022-10-19,"有限会社高保",,302,"神奈川県","平塚市","万田２丁目９番１６号",,14,203,2540913,,,,,,,2015-10-05,1,,,,,"タカヤス",0
921,4030001054815,01,1,2022-10-31,2015-10-05,"株式会社櫻井印刷所",,301,"埼玉県","川越市","元町２丁目４番地５",,11,201,3500062,,,,,,,2015-10-05,1,,,,,"サクライインサツジョ",0
922,4030001079424,01,1,2022-10-31,2015-10-05,"株式会社ティ・エム・エフ",,301,"埼玉県","川口市","東川口５丁目２６番１２－３０２号",,11,203,3330801,,,,,,,2015-10-05,1,,,,,"ティエムエフ",0
923,4030001094514,01,1,2022-10-31,2015-10-05,"株式会社昇英",,301,"埼玉県","川口市","前川町２丁目１７３６番地",,11,203,3330841,,,,,,,2015-10-05,0,,,,,"ショウエイ",0
924,4030001094514,12,1,2022-10-31,2016-03-14,"株式会社昇英",,301,"埼玉県","川口市","前川２丁目４０番５号",,11,203,3330842,,,,,,,2015-10-05,1,,,,,"ショウエイ",0
925,4030001095487,01,1,2022-10-31,2015-10-05,"株式会社フォーチュン",,301,"埼玉県","草加市","瀬崎１丁目１１番３号小野寺ビル２Ｆ",,11,221,3400022,,,,,,,2015-10-05,1,,,,,"フォーチュン",0
926,4030001137470,12,0,2022-10-31,2022-10-21,"株式会社リンク",,301,"埼玉県","朝霞市","根岸台３丁目１９番５－１１５号",,11,227,3510005,,,,,,,2020-07-22,1,,,,,"リンク",0
927,4030001148823,12,0,2022-10-31,2022-10-21,"泰豊株式会社",,301,"埼玉県","川口市","西川口１丁目３０番２０－６０２号",,11,203,3320021,,,,,,,2022-06-22,1,,,,,"タイホウ",0
928,4030001150795,01,0,2022-10-31,2022-10-31,"ワイアードデザイン株式会社",,301,"埼玉県","上尾市","大字原市２９番地１０",,11,219,3620021,,,,,,,2022-10-31,1,,,,,"ワイアードデザイン",0
929,4030002007094,21,0,2022-10-31,2022-10-21,"有限会社十字堂",,302,"埼玉県","さいたま市大宮区","上小町９３０番地の２",,11,103,3300855,,,2022-10-21,01,,,2015-10-05,1,,,,,,0
930,4030002022589,12,0,2022-10-31,2022-10-26,"伊奈文化実業有限会社",,302,"茨城県","筑西市","宮後１１１９番地１号",,08,227,3004503,,,,,,,2015-10-05,1,,,,,"イナブンカジツギョウ",0
931,4030003016474,12,0,2022-10-31,2022-10-27,"合同会社ＳＳＲコンサルティング",,305,"東京都","新宿区","舟町７－６ダイアパレス四谷舟町３０３号",,13,104,1600006,,,,,,,2021-01-06,1,,,,,"エスエスアールコンサルティング",0
932,4040001018967,12,0,2022-10-31,2022-10-17,"株式会社山崎住建",,301,"千葉県","白井市","根１７３２番地の５",,12,232,2701431,,,,,,,2015-10-05,1,,,,,"ヤマザキジュウケン",0
933,4040001034733,01,1,2022-10-31,2015-10-05,"曙商事株式会社",00019010,301,"千葉県","松戸市","新松戸３丁目２９２番地",,12,207,2700034,,,,,,,2015-10-05,0,,,,,"アケボノショウジ",0
934,4040001034733,12,1,2022-10-31,2018-05-15,"曙商事株式会社",00019010,301,"千葉県","松戸市","西馬橋４丁目２番地３",,12,207,2710044,,,,,,,2015-10-05,1,,,,,"アケボノショウジ",0
935,4040001110451,12,0,2022-10-31,2022-10-20,"共達フォース株式会社",,301,"東京都","中央区","晴海１丁目８番１２号晴海アイランドトリトンスクエアオフィスタワーＺ７Ｆ",,13,102,1040053,,,,,,,2019-08-21,1,,,,,"キョウタツフォース",0
936,4040001120896,12,0,2022-10-31,2022-10-24,"株式会社Ｋ’ｓ　Ｈａｒｖｅｓｔ",,301,"千葉県","習志野市","津田沼１丁目２－７－５Ｆ",,12,216,2750016,,,,,,,2021-11-08,1,,,,,"ケーズハーベスト",0
937,4040001121003,12,0,2022-10-31,2022-10-27,"クレイソフト株式会社",,301,"東京都","千代田区","丸の内１丁目６番５号丸の内北口ビル９階",,13,101,1000005,,,,,,,2021-11-17,1,,,,,"クレイソフト",0
938,4040001125607,01,0,2022-10-31,2022-10-31,"株式会社シャインロジス",,301,"千葉県","袖ケ浦市","南袖１０番地",,12,229,2990268,,,,,,,2022-10-31,1,,,,,"シャインロジス",0
939,4040001125623,01,0,2022-10-31,2022-10-31,"株式会社ジースペック",,301,"千葉県","市川市","稲荷木２丁目１７番６号",,12,203,2720024,,,,,,,2022-10-31,1,,,,,"ジースペック",0
940,4040001125631,01,0,2022-10-31,2022-10-31,"株式会社Ｈａｉｒ　Ｃｈｉｃ　ｗｅｂ",,301,"千葉県","市川市","南八幡３丁目５番８号",,12,203,2720023,,,,,,,2022-10-31,1,,,,,"ヘアシックウェブ",0
941,4040002060737,01,1,2022-10-31,2015-10-05,"有限会社佐倉読売サービスセンター",,302,"千葉県","佐倉市","鏑木町１２０５番地２",,12,212,2850025,,,,,,,2015-10-05,1,,,,,"サクラヨミウリサービスセンター",0
942,4040003013371,12,0,2022-10-31,2022-10-27,"合同会社瑞穂",,305,"東京都","千代田区","内神田１丁目１８番１１号東京ロイヤルプラザ４２１号室",,13,101,1010047,,,,,,,2019-05-20,1,,,,,"ミズホ",0
943,4050001001063,01,1,2022-10-31,2015-10-05,"株式会社三協テクノ",,301,"茨城県","水戸市","河和田町４３８２番地７",,08,201,3114153,,,,,,,2015-10-05,1,,,,,"サンキョウテクノ",0
944,4050001045267,12,0,2022-10-31,2022-10-24,"株式会社スターウェイズ",,301,"茨城県","石岡市","東光台５丁目６番２０号",,08,205,3150033,,,,,,,2018-11-28,1,,,,,"スターウェイズ",0
945,4050002007456,01,1,2022-10-31,2015-10-05,"有限会社ハウスクリーン常陸",,302,"茨城県","那珂市","福田２３９番地",,08,226,3110118,,,,,,,2015-10-05,0,,,,,"ハウスクリーンヒタチ",0
946,4050002007456,21,0,2022-10-31,2022-10-24,"有限会社ハウスクリーン常陸",,302,"茨城県","那珂市","福田２３９番地",,08,226,3110118,,,2022-10-24,01,,,2015-10-05,1,,,,,"ハウスクリーンヒタチ",0
947,4050003002217,01,1,2022-10-31,2015-10-05,"合同会社和",,305,"茨城県","取手市","東６丁目３４番１１号",,08,217,3020005,,,,,,,2015-10-05,0,,,,,"ナゴミ",0
948,4050003002217,12,1,2022-10-31,2016-06-17,"合同会社和",,305,"茨城県","取手市","宮和田１０７４番地５",,08,217,3001514,,,,,,,2015-10-05,1,,,,,"ナゴミ",0
949,4060001023420,01,1,2022-10-31,2015-10-05,"ギガフォトン株式会社",,301,"栃木県","小山市","大字横倉新田４００番地",,09,208,3230819,,,,,,,2015-10-05,1,"GIGAPHOTON INC.","Tochigi","400 Yokokurashinden, Oyama shi",,"ギガフォトン",0
950,4060002027486,12,0,2022-10-31,2022-10-14,"有限会社渡辺工業",,302,"栃木県","那須塩原市","沓掛１丁目２－８那須塩原サンライズスクエア７０２号室",,09,213,3293133,,,,,,,2015-10-05,1,,,,,"ワタナベコウギョウ",0
951,4070005006536,01,1,2022-10-31,2015-10-05,"医療法人海宝会海宝病院",,399,"群馬県","館林市","堀工町１２６９番地",,10,207,3740033,,,,,,,2015-10-05,0,,,,,"カイホウカイカイホウビョウイン",0
952,4070005006536,12,1,2022-10-31,2021-11-05,"医療法人海宝会海宝病院",,399,"群馬県","邑楽郡明和町","中谷３３１番地１",,10,522,3700713,,,,,,,2015-10-05,0,,,,,"カイホウカイカイホウビョウイン",0
953,4070005006536,11,1,2022-10-31,2021-11-05,"医療法人海宝会",,399,"群馬県","邑楽郡明和町","中谷３３１番地１",,10,522,3700713,,,,,,,2015-10-05,1,,,,,"カイホウカイ",0
954,4080401009835,12,0,2022-10-31,2022-10-28,"株式会社オルトア",,301,"静岡県","浜松市中区","砂山町３２４－８第一伊藤ビル５Ｆ",,22,131,4300926,,,,,,,2015-10-05,1,,,,,"オルトア",0
955,4080402019965,01,1,2022-10-31,2015-10-05,"有限会社三河屋製パン",,302,"静岡県","磐田市","中泉２４１５番地の１",,22,211,4380078,,,,,,,2015-10-05,1,,,,,"ミカワヤセイパン",0
956,4090001013419,01,1,2022-10-31,2015-10-05,"株式会社ヒデ興業",,301,"山梨県","笛吹市","一宮町上矢作８９０番地",,19,211,4050059,,,,,,,2015-10-05,1,,,,,"ヒデコウギョウ",0
957,4090005007524,01,0,2022-10-31,2022-10-31,"一般社団法人海と日本プロジェクトｉｎやまなし",,399,"山梨県","甲府市","北口２丁目６番１０号",,19,201,4000024,,,,,,,2022-10-31,1,,,,,"ウミトニッポンプロジェクトインヤマナシ",0
958,4110001022796,21,0,2022-10-31,2022-10-26,"株式会社高木商会",,301,"新潟県","長岡市","千手３丁目２番２５号",,15,202,9400087,,,2022-10-26,01,,,2015-10-05,1,,,,,"タカギショウカイ",0
959,4110001034734,12,0,2022-10-31,2022-10-25,"株式会社一貴",,301,"新潟県","長岡市","今朝白３丁目８番１３号サーパスシティ今朝白弐番館ウエストウイング１１０１号室",,15,202,9400033,,,,,,,2020-03-26,1,,,,,,0
960,4110003004900,01,0,2022-10-31,2022-10-31,"合同会社ＨｉｙｏｒｉＮ",,305,"新潟県","三条市","桜木町１６番２６号ラ・テルベール桜木Ａ棟１０２",,15,204,9550844,,,,,,,2022-10-31,1,,,,,"ヒヨリン",0
961,4120001139425,12,0,2022-10-31,2022-10-26,"株式会社ＪＰ建設",,301,"大阪府","大阪市大正区","三軒家西２丁目３番３０号",,27,108,5510001,,,,,,,2015-10-05,1,,,,,"ジェイピーケンセツ",0
962,4120001143237,01,1,2022-10-31,2015-10-05,"株式会社４１２５",,301,"大阪府","大阪市都島区","毛馬町１丁目１３番８号",,27,102,5340001,,,,,,,2015-10-05,1,,,,,"ヨンイチニイゴ",0
963,4120001146636,12,0,2022-10-31,2022-10-27,"株式会社エタニティ",,301,"大阪府","大阪市此花区","伝法６丁目１番６５号",,27,104,5540002,,,,,,,2015-10-05,1,,,,,"エタニティ",0
964,4120001212792,12,0,2022-10-31,2022-10-26,"株式会社サンエスシード",,301,"大阪府","大阪市西区","北堀江２丁目４番１１号",,27,106,5500014,,,,,,,2018-04-20,1,,,,,"サンエスシード",0
965,4120001249637,01,1,2022-10-31,2022-10-21,"株式会社ＤｅＤｅ",,301,"大阪府","大阪市中央区","谷町６丁目１６－５",,27,128,5420012,,,,,,,2022-10-21,1,,,,,"デェデェ",0
966,4120001249868,01,0,2022-10-31,2022-10-31,"株式会社オフィスｐｉｔｏ",,301,"大阪府","大阪市淀川区","十八条１丁目１番３２－１２０１号",,27,123,5320001,,,,,,,2022-10-31,1,,,,,"オフィスピト",0
967,4120001249918,01,0,2022-10-31,2022-10-31,"株式会社ねこねこネットワーク",,301,"大阪府","大阪市北区","梅田１丁目１１番４号大阪駅前第４ビル９階９２３－１６４３号",,27,127,5300001,,,,,,,2022-10-31,1,,,,,"ネコネコネットワーク",0
968,4120002030731,01,1,2022-10-31,2015-10-05,"有限会社賛興",,302,"大阪府","大阪市北区","天満２丁目３番２－３Ｆ５号",,27,127,5300043,,,,,,,2015-10-05,1,,,,,"サンコウ",0
969,4120101034352,01,1,2022-10-31,2015-10-05,"ハイロックス株式会社",,301,"大阪府","藤井寺市","沢田２丁目１１番２号",,27,226,5830011,,,,,,,2015-10-05,1,,,,,"ハイロックス",0
970,4120901010429,21,0,2022-10-31,2022-10-26,"株式会社インフオテック",,301,"大阪府","高槻市","富田町１丁目１３番２５－２０３号",,27,207,5690814,,,2022-10-26,01,,,2015-10-05,1,,,,,"インフオテック",0
971,4120902011070,11,0,2022-10-31,2022-10-26,"株式会社ハルコー",,301,"大阪府","高槻市","安岡寺町２丁目１９番５号",,27,207,5691029,,,,,,,2015-10-05,1,,,,,"ハルコー",0
972,4120905004765,01,1,2022-10-31,2015-10-05,"特定非営利活動法人茨木市建設災害ボランティア会",,399,"大阪府","茨木市","総持寺１丁目２番１２号",,27,211,5670801,,,,,,,2015-10-05,0,,,,,"イバラキシケンセツサイガイボランティアカイ",0
973,4120905004765,12,1,2022-10-31,2022-10-27,"特定非営利活動法人茨木市建設災害ボランティア会",,399,"大阪府","茨木市","大字佐保３１２番５",,27,211,5680095,,,,,,,2015-10-05,1,,,,,"イバラキシケンセツサイガイボランティアカイ",0
974,4130001030847,01,1,2022-10-31,2015-10-05,"株式会社ジョイリビングイトオ",,301,"京都府","長岡京市","長岡２丁目１－３９",,26,209,6170823,,,,,,,2015-10-05,1,,,,,"ジョイリビングイトオ",0
975,4130001072930,01,0,2022-10-31,2022-10-31,"株式会社ｅｎｎｎ",,301,"京都府","京都市上京区","相国寺門前町６４３－６風良都館３階",,26,102,6020898,,,,,,,2022-10-31,1,,,,,"エン",0
976,4130003006531,21,0,2022-10-31,2022-10-24,"合同会社ＢＢＣｏｎｓｕｌｔｉｎｇ",,305,"京都府","京都市右京区","御室岡ノ裾町１７番地４６",,26,108,6168096,,,2022-10-24,01,,,2020-05-19,1,,,,,"ビービーコンサルティング",0
977,4140001058177,12,0,2022-10-31,2022-10-26,"株式会社奥村モータース",,301,"兵庫県","姫路市","宮西町２丁目２２番地",,28,201,6700837,,,,,,,2015-10-05,1,,,,,"オクムラモータース",0
978,4140001089651,01,1,2022-10-31,2015-10-05,"株式会社ＥＭ",,301,"兵庫県","神戸市西区","竹の台３丁目１０番地４",,28,111,6512274,,,,,,,2015-10-05,1,,,,,"イーエム",0
979,4160005006626,01,1,2022-10-31,2015-10-05,"圓寿院",,399,"滋賀県","東近江市","南清水町１５０番地",,25,213,5270127,,,,,,,2015-10-05,1,,,,,"エンジュイン",0
980,4170003001784,01,0,2022-10-31,2022-10-31,"合同会社ほのぼの",,305,"和歌山県","橋本市","三石台３丁目２７番地の９－５１２",,30,203,6480094,,,,,,,2022-10-31,1,,,,,"ホノボノ",0
981,4180001012428,12,0,2022-10-31,2022-10-25,"コージーセレモナゴヤ株式会社",,301,"愛知県","名古屋市東区","大幸３丁目４番１５号",,23,102,4610043,,,,,,,2015-10-05,1,,,,,"コージーセレモナゴヤ",0
982,4180001015199,01,1,2022-10-31,2015-10-05,"成田建設株式会社",,301,"愛知県","名古屋市南区","笠寺町字迫間１４番地",,23,112,4570051,,,,,,,2015-10-05,1,,,,,"ナリタケンセツ",0
983,4180001037359,12,0,2022-10-31,2022-10-27,"株式会社造園サービス",,301,"愛知県","春日井市","町田町２丁目４６番地",,23,206,4860936,,,,,,,2015-10-05,1,,,,,"ゾウエンサービス",0
984,4180001048414,12,0,2022-10-31,2022-10-26,"トムソン株式会社",,301,"愛知県","日進市","岩崎台１丁目２２０７番地",,23,230,4700135,,,,,,,2015-10-05,1,,,,,,0
985,4180001068305,71,0,2022-10-31,2022-10-06,"フィリックス株式会社",,301,"愛知県","名古屋市中村区","名駅１丁目１番１号ＪＰタワー名古屋１５Ｆ",,23,105,4500002,,,,,,"令和４年１０月１日名古屋市中村区名駅一丁目１番１号ＪＰタワー名古屋１５Ｆフィリックスホールセール株式会社（2180001090186）を合併令和４年１０月１日名古屋市中村区名駅一丁目１番１号ＪＰタワー名古屋１５Ｆフィリックスリーシング株式会社（6180001069788）を合併令和４年１０月１日名古屋市中村区名駅一丁目１番１号ＪＰタワー名古屋１５Ｆフィリックスエージェント株式会社（9180001089263）を合併令和４年１０月１日名古屋市天白区焼山二丁目４０６番地フィリックスコーワ株式会社（4180001023532）を合併令和４年１０月１日長野県松本市大字笹賀５６５２番地４３フィリックスシンセイ株式会社（6100001013282）を合併",2015-10-05,1,,,,,"フィリックス",0
986,4180001084178,01,1,2022-10-31,2015-10-05,"起織物株式会社",,301,"愛知県","一宮市","起字東茜屋２２番地",,23,203,4940006,,,,,,,2015-10-05,1,,,,,"オコシオリモノ",0
987,4180001109439,01,1,2022-10-31,2015-10-05,"株式会社ＨＫＳ",,301,"愛知県","名古屋市守山区","菱池町６番１２号",,23,113,4630045,,,,,,,2015-10-05,1,,,,,"エイチケーエス",0
988,4180001122607,12,0,2022-10-31,2022-10-24,"株式会社ａｍｏｏｎ",,301,"愛知県","名古屋市千種区","東山元町４丁目２３番地１グレイセスＨＩＫＡＲＩ－１Ｂ号",,23,101,4640804,,,,,,,2016-03-24,1,,,,,"アムーン",0
989,4180001123282,12,0,2022-10-31,2022-10-27,"株式会社エクセレント・カンパニー",,301,"愛知県","みよし市","莇生町藤塚３０番地２",,23,236,4700206,,,,,,,2016-05-12,1,,,,,"エクセレントカンパニー",0
990,4180001153560,01,0,2022-10-31,2022-10-31,"株式会社Ａｕｂｅ",,301,"愛知県","一宮市","今伊勢町本神戸字中町３１番地１",,23,203,4910053,,,,,,,2022-10-31,1,,,,,"オーブ",0
991,4180001153569,01,0,2022-10-31,2022-10-31,"志水アセットマネジメント株式会社",,301,"愛知県","一宮市","明地字南古城５番地１",,23,203,4940012,,,,,,,2022-10-31,1,,,,,"シミズアセットマネジメント",0
992,4180002008409,01,1,2022-10-31,2015-10-05,"有限会社テイ．エッチ．ケイ",,302,"愛知県","名古屋市昭和区","御器所通２丁目３番１号",,23,107,4660015,,,,,,,2015-10-05,1,,,,,"テイエッチケイ",0
993,4180002062199,01,1,2022-10-31,2015-10-05,"有限会社横井精密工業所",,302,"愛知県","愛知郡東郷町","大字春木字新池３９２２番１９８",,23,302,4700162,,,,,,,2015-10-05,1,,,,,"ヨコイセイミツコウギョウショ",0
994,4180303002639,01,1,2022-10-31,2015-10-05,"合同会社あかみ",,305,"愛知県","豊田市","竹生町４丁目６２番地",,23,211,4710077,,,,,,,2015-10-05,0,,,,,"アカミ",0
995,4180303002639,21,0,2022-10-31,2022-10-26,"合同会社あかみ",,305,"愛知県","豊田市","竹生町４丁目６２番地",,23,211,4710077,,,2022-10-26,01,,,2015-10-05,1,,,,,"アカミ",0
996,4200001040590,01,0,2022-10-31,2022-10-31,"株式会社ＳＩＢ製薬",,301,"岐阜県","羽島市","舟橋町出須賀１丁目２７番地",,21,209,5016304,,,,,,,2022-10-31,1,,,,,"エスアイビイセイヤク",0
997,4210001009008,01,1,2022-10-31,2015-10-05,"株式会社藤江Ｆｏｏｄｓ",,301,"福井県","坂井市","三国町神明２丁目１番２号",,18,210,9130047,,,,,,,2015-10-05,1,,,,,"フジエフーズ",0
998,4220001022224,12,0,2022-10-31,2022-10-27,"株式会社工科堂",,301,"石川県","能美市","旭台２丁目１３いしかわクリエイトラボ１０２号室",,17,211,9231211,,,,,,,2018-04-11,1,,,,,"コウカドウ",0
999,4230001002209,01,1,2022-10-31,2015-10-05,"株式会社丸三茜月",,301,"富山県","富山市","堀川町４５９番地２",,16,201,9398072,,,,,,,2015-10-05,1,,,,,"マルサンアカツキ",0
1000,4240001025308,21,0,2022-10-31,2022-10-26,"アイズエンジニアリング株式会社",,301,"大阪府","大阪市中央区","南本町１丁目６番７－３５０１号",,27,128,5410054,,,2022-10-26,01,,,2015-10-05,1,,,,,"アイズエンジニアリング",0
1001,4240001037724,01,1,2022-10-31,2015-10-05,"株式会社レイト",,301,"広島県","広島市安佐北区","口田４丁目２３番１７号",,34,106,7391734,,,,,,,2015-10-05,1,,,,,"レイト",0
1002,4240001043210,01,1,2022-10-31,2015-10-05,"株式会社綱本ＰＲＯ",,301,"広島県","広島市東区","中山南１丁目１６番１４号",,34,102,7320024,,,,,,,2015-10-05,1,,,,,"ツナモトプロ",0
1003,4240002018203,01,1,2022-10-31,2015-10-05,"有限会社渡設備",,302,"広島県","広島市安佐南区","上安１丁目１３番２３号",,34,105,7310154,,,,,,,2015-10-05,1,,,,,"ワタリセツビ",0
1004,4240005008003,01,1,2022-10-31,2015-10-05,"福山市農業協同組合職員労働組合",,399,"広島県","福山市","花園町２丁目７番１号",,34,207,7200803,,,,,,,2015-10-05,1,,,,,"フクヤマシノウギョウキョウドウクミアイショクイン",0
1005,4250001012313,01,1,2022-10-31,2015-10-05,"株式会社柳澤板金工業所",,301,"山口県","岩国市","平田６丁目５番１５号",,35,208,7410072,,,,,,,2015-10-05,1,,,,,"ヤナギサワバンキンコウギョウショ",0
1006,4250002010200,21,0,2022-10-31,2022-10-27,"有限会社中川商店",,302,"山口県","下関市","唐戸町５番２号",,35,201,7500005,,,2022-10-27,01,,,2015-10-05,1,,,,,"ナカガワショウテン",0
1007,4250002019101,01,1,2022-10-31,2015-10-05,"有限会社タケダ電気",,302,"山口県","岩国市","周東町下久原１８３４番地の４",,35,208,7420417,,,,,,,2015-10-05,1,,,,,"タケダデンキ",0
1008,4260001001091,01,1,2022-10-31,2015-10-05,"株式会社プローバ",,301,"岡山県","岡山市南区","米倉４２番地の１",,33,104,7000954,,,,,,,2015-10-05,1,,,,,"プローバ",0
1009,4260001011289,01,1,2022-10-31,2015-10-05,"株式会社ＭＭセキュリテイ",,301,"岡山県","岡山市南区","藤田１６８４番地３",,33,104,7010221,,,,,,,2015-10-05,1,,,,,"エムエムセキュリティ",0
1010,4260001035305,12,0,2022-10-31,2022-10-28,"ＨＵＯＮＧ　ＤＡＩ株式会社",,301,"岡山県","岡山市北区","三門西町２－８",,33,101,7000044,,,,,,,2021-03-24,1,,,,,"フーンダイ",0
1011,4260002010744,01,1,2022-10-31,2015-10-05,"有限会社ラスタツトテニスクラブ",,302,"岡山県","岡山市南区","泉田１丁目２番２８号",,33,104,7000944,,,,,,,2015-10-05,1,,,,,"ラスタットテニスクラブ",0
1012,4260005006104,21,0,2022-10-31,2022-10-28,"高梁市土地開発公社",,399,"岡山県","高梁市","松原通２０４３番地",,33,209,7160036,,,2022-10-28,01,,,2015-10-05,1,,,,,"タカハシシ",0
1013,4270003001452,01,0,2022-10-31,2022-10-31,"合同会社鳥取匠クリエイター",,305,"鳥取県","鳥取市","鹿野町鹿野２５４８－４",,31,201,6890405,,,,,,,2022-10-31,1,,,,,"トットリタクミクリエイター",0
1014,4290001033702,01,1,2022-10-31,2015-10-05,"株式会社太陽",,301,"福岡県","福岡市西区","野方３丁目４５番１８号",,40,135,8190043,,,,,,,2015-10-05,1,,,,,"タイヨウ",0
1015,4290001052850,01,1,2022-10-31,2015-10-05,"株式会社古賀龍建設",,301,"福岡県","大川市","大字新田５５番地の３",,40,212,8310043,,,,,,,2015-10-05,1,,,,,"コガリュウケンセツ",0
1016,4290001055622,21,0,2022-10-31,2022-10-26,"株式会社アクティブアカデミー",,301,"福岡県","福岡市博多区","綱場町６番１３号",,40,132,8120024,,,2022-10-26,01,,,2015-10-05,1,,,,,"アクティブアカデミー",0
1017,4290001064689,01,1,2022-10-31,2015-10-05,"株式会社ａｎｄ　ｓｕｐｐｏｒｔ",,301,"福岡県","福岡市南区","井尻１丁目４０番３号",,40,134,8111302,,,,,,,2015-10-05,0,,,,,"アンドサポート",0
1018,4290001064689,12,1,2022-10-31,2015-11-18,"株式会社ａｎｄ　ｓｕｐｐｏｒｔ",,301,"福岡県","福岡市南区","井尻２丁目１６番２３－４０１号",,40,134,8111302,,,,,,,2015-10-05,0,,,,,"アンドサポート",0
1019,4290001064689,12,1,2022-10-31,2017-05-01,"株式会社ａｎｄ　ｓｕｐｐｏｒｔ",,301,"福岡県","福岡市中央区","笹丘１丁目１１番１８－３０１号",,40,133,8100034,,,,,,,2015-10-05,1,,,,,"アンドサポート",0
1020,4290001074300,01,1,2022-10-31,2016-06-20,"株式会社Ａｚソリューション",,301,"福岡県","福岡市中央区","赤坂１丁目９番９号",,40,133,8100042,,,,,,,2016-06-20,1,,,,,"アズソリューション",0
1021,4290001083367,12,0,2022-10-31,2022-10-24,"株式会社ＨＵＥＭＡＮ",,301,"福岡県","福岡市中央区","天神４丁目６－２８天神ファーストビル７階",,40,133,8100001,,,,,,,2018-11-19,0,,,,,,0
1022,4290001083367,11,0,2022-10-31,2022-10-24,"株式会社ＥＤＶＡＣ　Ｔｅｃｈｎｏｌｏｇｉｅｓ",,301,"福岡県","福岡市中央区","天神４丁目６－２８天神ファーストビル７階",,40,133,8100001,,,,,,,2018-11-19,1,,,,,"エドバックテクノロジーズ",0
1023,4290001094380,12,0,2022-10-31,2022-10-26,"株式会社Ｍｙ　Ｃｏｌｏｒ",,301,"福岡県","福岡市西区","女原北３番６号アムールサイト２０２号",,40,135,8190377,,,,,,,2021-09-03,1,,,,,"マイカラー",0
1024,4290001099289,01,0,2022-10-31,2022-10-31,"藤青株式会社",,301,"福岡県","福岡市早良区","城西３丁目１３番１６－６０２号",,40,137,8140003,,,,,,,2022-10-31,1,,,,,"フジショウ",0
1025,4290001099355,01,0,2022-10-31,2022-10-31,"嘉通商事株式会社",,301,"福岡県","福岡市早良区","星の原団地５８番",,40,137,8140162,,,,,,,2022-10-31,1,,,,,"カツウショウジ",0
1026,4290001099371,01,0,2022-10-31,2022-10-31,"株式会社はんだや",,301,"福岡県","那珂川市","片縄西４丁目５番９号",,40,231,8111202,,,,,,,2022-10-31,1,,,,,"ハンダヤ",0
1027,4290002019304,01,1,2022-10-31,2015-10-05,"朝日ホーム有限会社",,302,"福岡県","福岡市早良区","祖原１４番７号",,40,137,8140005,,,,,,,2015-10-05,0,,,,,"アサヒホーム",0
1028,4290002019304,12,1,2022-10-31,2022-10-26,"朝日ホーム有限会社",,302,"福岡県","福岡市早良区","祖原１０番２６号",,40,137,8140005,,,,,,,2015-10-05,1,,,,,"アサヒホーム",0
1029,4290801008382,01,1,2022-10-31,2015-10-05,"株式会社サンライズ",,301,"福岡県","北九州市小倉南区","高野４丁目２０番６号",,40,107,8030275,,,,,,,2015-10-05,1,,,,,"サンライズ",0
1030,4290801028983,01,0,2022-10-31,2022-10-31,"株式会社ｓｏｕｋｉ",,301,"福岡県","北九州市小倉北区","篠崎１丁目３番１－２０４号",,40,106,8030861,,,,,,,2022-10-31,1,,,,,"ソウキ",0
1031,4330001024886,01,1,2022-10-31,2018-01-15,"九州ＴＥＣ株式会社",,301,"熊本県","熊本市北区","四方寄町５５６番地１",,43,105,8615515,,,,,,,2018-01-15,0,,,,,"キュウシュウテック",0
1032,4330001024886,12,1,2022-10-31,2022-10-27,"九州ＴＥＣ株式会社",,301,"熊本県","熊本市北区","四方寄町１４６６番地１",,43,105,8615515,,,,,,,2018-01-15,1,,,,,"キュウシュウテック",0
1033,4330002014705,11,0,2022-10-31,2022-10-26,"有限会社ユーキランドハウス",,302,"熊本県","上益城郡益城町","大字寺中５６０番地",,43,443,8612201,,,,,,,2015-10-05,1,,,,,"ユーキランドハウス",0
1034,4330005006088,12,0,2022-10-31,2022-10-25,"神祐教会",,399,"熊本県","八代市","萩原町２丁目６番４４号",,43,202,8660831,,,,,,,2015-10-05,1,,,,,"シンユウキョウカイ",0
1035,4340001017988,01,1,2022-10-31,2015-10-05,"株式会社新生自動車商会",,301,"鹿児島県","曽於郡大崎町","永吉６２０３番地",,46,468,8997306,,,,,,,2015-10-05,1,,,,,"シンセイジドウシャショウカイ",0
1036,4340002013185,01,1,2022-10-31,2015-10-05,"有限会社三喜",,302,"鹿児島県","鹿児島市","田上７丁目２１番２１号",,46,201,8900034,,,,,,,2015-10-05,1,,,,,"ミツキ",0
1037,4340003003945,01,0,2022-10-31,2022-10-31,"合同会社ＵＰＦＵＬ",,305,"鹿児島県","霧島市","隼人町真孝７８３番地３",,46,218,8995102,,,,,,,2022-10-31,1,,,,,"アップフル",0
1038,4350001007625,01,1,2022-10-31,2015-10-05,"株式会社松山物産",,301,"宮崎県","宮崎市","佐土原町東上那珂１３８３８番地２",,45,201,8800303,,,,,,,2015-10-05,1,,,,,"マツヤマブッサン",0
1039,4360001031129,01,0,2022-10-31,2022-10-31,"株式会社Ｔ’ｓ",,301,"沖縄県","糸満市","潮崎町４丁目１２番地の３",,47,210,9010364,,,,,,,2022-10-31,1,,,,,"ティーズ",0
1040,4370001047479,01,1,2022-10-31,2021-08-12,"結・サポート株式会社",,301,"宮城県","仙台市太白区","長嶺３番１２号",,04,104,9820847,,,,,,,2021-08-12,1,,,,,"ユイサポート",0
1041,4370002015559,12,0,2022-10-31,2022-10-26,"有限会社エーコー商事",,302,"神奈川県","川崎市宮前区","宮崎２丁目８番地５７Ｊ－ＢａｕｍＭｉｙａｚａｋｉｄａｉ５０１",,14,136,2160033,,,,,,,2015-10-05,1,,,,,"エーコーショウジ",0
1042,4370102000535,12,0,2022-10-31,2022-10-17,"有限会社文屋精工所",,302,"宮城県","柴田郡村田町","大字菅生字笹倉１６４番地",,04,322,9891301,,,,,,,2015-10-05,1,,,,,"ブンヤセイコウショ",0
1043,4370305001017,01,1,2022-10-31,2015-10-05,"一般社団法人雄勝花物語",,399,"宮城県","石巻市","貞山２丁目５番２－５号",,04,202,9860851,,,,,,,2015-10-05,0,,,,,"オガツハナモノガタリ",0
1044,4370305001017,12,1,2022-10-31,2017-08-21,"一般社団法人雄勝花物語",,399,"宮城県","石巻市","雄勝町雄勝字原８番地１７市営原復興住宅８号",,04,202,9861333,,,,,,,2015-10-05,1,,,,,"オガツハナモノガタリ",0
1045,4380001018982,12,0,2022-10-31,2022-10-26,"株式会社カルチャー・ネットワーク",,301,"福島県","会津若松市","中島町２番５７号",,07,202,9650016,,,,,,,2015-10-05,1,,,,,"カルチャーネットワーク",0
1046,4390002001524,01,1,2022-10-31,2015-10-05,"有限会社善栄機械",,302,"山形県","山形市","銅町２丁目２２番７号",,06,201,9900051,,,,,,,2015-10-05,1,,,,,"ゼンエイキカイ",0
1047,4390002013032,01,1,2022-10-31,2015-10-05,"有限会社清興",,302,"山形県","米沢市","門東町１丁目４番２６号",,06,202,9920039,,,,,,,2015-10-05,1,,,,,"セイコウ",0
1048,4390005006982,01,1,2022-10-31,2015-10-05,"小国町漁業協同組合",,399,"山形県","西置賜郡小国町","大字岩井沢８３６番地",,06,401,9991352,,,,,,,2015-10-05,1,,,,,"オグニマチ",0
1049,4400001005160,01,1,2022-10-31,2015-10-05,"株式会社ＩＤＥＡＬ建築設計研究所",,301,"岩手県","盛岡市","黒川２１地割６６番地７",,03,201,0200402,,,,,,,2015-10-05,1,,,,,"アイデアルケンチクセッケイケンキュウショ",0
1050,4400005008275,01,0,2022-10-31,2022-10-31,"一般社団法人Ｎａｔｕｒｅ　Ｌｉｆｅ",,399,"岩手県","下閉伊郡岩泉町","岩泉字和川原１２－１１Ａ－１",,03,483,0270501,,,,,,,2022-10-31,1,,,,,"ネイチャーライフ",0
1051,4410001013311,01,0,2022-10-31,2022-10-31,"株式会社Ｉ・Ｃｏｒｐｏｒａｔｉｏｎ",,301,"秋田県","由利本荘市","岩渕下１１７番地５",,05,210,0150834,,,,,,,2022-10-31,1,,,,,"アイコーポレーション",0
1052,4420002011668,01,1,2022-10-31,2015-10-05,"有限会社山形組",,302,"青森県","北津軽郡鶴田町","大字廻堰字上桂井２２番地５",,02,384,0383542,,,,,,,2015-10-05,1,,,,,"ヤマガタグミ",0
1053,4420005007829,01,0,2022-10-31,2022-10-31,"一般社団法人海と日本プロジェクトｉｎ青森県",,399,"青森県","青森市","松森１丁目４番８号",,02,201,0300965,,,,,,,2022-10-31,1,,,,,"ウミトニッポンプロジェクトインアオモリケン",0
1054,4430001030255,12,0,2022-10-31,2022-10-11,"株式会社２４－７",,301,"東京都","港区","虎ノ門４丁目１番１３号",,13,103,1050001,,,,,,,2015-10-05,1,,,,,"トゥエンティーフォーセブン",0
1055,4430001078518,12,0,2022-10-31,2022-10-19,"アミティエ・ブロス株式会社",,301,"北海道","札幌市東区","北十一条東１０丁目３番２号",,01,103,0650011,,,,,,,2019-03-18,1,,,,,"アミティエブロス",0
1056,4430001085464,12,0,2022-10-31,2022-10-24,"株式会社ＭＲフォレスト",,301,"北海道","札幌市南区","真駒内柏丘６丁目４番５－３０４号（柏丘団地Ａ５棟）",,01,106,0050022,,,,,,,2021-11-29,1,,,,,"エムアールフォレスト",0
1057,4490002002215,01,1,2022-10-31,2015-10-05,"三共工業有限会社",,302,"高知県","高知市","一宮東町５丁目３４番５４号",,39,201,7818132,,,,,,,2015-10-05,1,,,,,"サンキョウコウギョウ",0
1058,4500001006487,01,1,2022-10-31,2015-10-05,"ミライオン株式会社",,301,"愛媛県","松山市","松前町２丁目６番地１１",,38,201,7900812,,,,,,,2015-10-05,0,,,,,"ミライオン",0
1059,4500001006487,12,1,2022-10-31,2017-07-24,"ミライオン株式会社",,301,"愛媛県","松山市","本町３丁目３番２８号",,38,201,7900811,,,,,,,2015-10-05,1,,,,,"ミライオン",0
1060,4500001024555,01,0,2022-10-31,2022-10-31,"株式会社光咲",,301,"愛媛県","西条市","中野甲１４３２番地１",,38,206,7930054,,,,,,,2022-10-31,1,,,,,"ミサキ",0
1061,4500002016295,01,1,2022-10-31,2015-10-05,"有限会社斎藤商店",,302,"愛媛県","新居浜市","菊本町１丁目９番３３号",,38,205,7920801,,,,,,,2015-10-05,0,,,,,"サイトウショウテン",0
1062,4500002016295,12,1,2022-10-31,2022-10-26,"有限会社斎藤商店",,302,"愛媛県","新居浜市","庄内町１丁目２番１６号",,38,205,7920811,,,,,,,2015-10-05,1,,,,,"サイトウショウテン",0
1063,4500002022418,01,1,2022-10-31,2015-10-05,"有限会社浅井装飾",,302,"愛媛県","宇和島市","朝日町２丁目３番１７号",,38,203,7980004,,,,,,,2015-10-05,1,,,,,"アサイソウショク",0
1064,4500002022558,01,1,2022-10-31,2015-10-05,"有限会社エルケイうわじま",,302,"愛媛県","宇和島市","中央町１丁目１番３号",,38,203,7980040,,,,,,,2015-10-05,1,,,,,"エルケイウワジマ",0
1065,4500003002914,01,0,2022-10-31,2022-10-31,"合同会社ＬＩＦＥ　ＥＡＴＳ",,305,"愛媛県","新居浜市","東雲町３丁目２番４９号",,38,205,7920864,,,,,,,2022-10-31,1,,,,,,0
1066,4700150001599,11,0,2022-10-31,2021-12-31,"Ｇｏｏｄｙ　Ｇｏｏｄ　Ｆｏｕｒ　Ｌｉｍｉｔｅｄ",,401,"東京都","千代田区","霞が関３丁目２－６東京倶楽部ビルディング６階",,13,101,1000013,"Ｏｎｅ　Ｌｉｍｅ　Ｓｔｒｅｅｔ　Ｌｏｎｄｏｎ　ＥＣ３Ｍ　７ＨＡ　ＵＫ",,,,,,2015-10-09,1,,,,,"グツデイグツドフオーリミテツド",0
1067,4700150002102,11,0,2022-10-31,2021-12-31,"ＬＯＷＥＲ　ＳＴＵＲＴＨＩＬＬ　ＬＬＰ",,401,"東京都","千代田区","霞が関３丁目２－６東京倶楽部ビルディング６階",,13,101,1000013,"Ｏｎｅ　Ｌｉｍｅ　Ｓｔｒｅｅｔ　Ｌｏｎｄｏｎ　ＥＣ３Ｍ　７ＨＡ　ＵＫ",,,,,,2015-10-09,1,,,,,"ロウアースタートヒルエルエルピー",0
1068,4700150099717,11,0,2022-10-31,2022-09-06,"ＴＯＰＧＯＬＦ　ＣＡＬＬＡＷＡＹ　ＢＲＡＮＤＳ　ＣＯＲＰ",,401,,,,,,,,"２１８０，Ｒｕｔｈｅｒｆｏｒｄ，ｃａｒｌｓｂａｄ，ＣＡ，Ｕ．Ｓ．Ａ",,,,,,2020-07-08,1,,,,,"トツプゴルフキヤロウエイブランズコープ",0
1069,4700150099915,12,0,2022-10-31,2022-08-25,"ＬＩＧＨＴ　ＭＯＴＯＲＳ",,401,"神奈川県","厚木市","下川入３１２番地１宮田ハイツ２０５",,14,212,2430206,"スリランカ民主社会主義共和国、キャンディ、アクラナ、マタレロード、２１４",,,,,,2020-07-30,1,,,,,"ライトモータース",0
1070,4700150112421,01,0,2022-10-31,2022-10-31,"Ｃｉｔａｄｅｌ　Ｊａｐａｎ　Ｐｔｅ．Ｌｉｍｉｔｅｄ",,401,"東京都","千代田区","丸の内３丁目２番２号丸の内二重橋ビル３階",,13,101,1000005,"シンガポール共和国０１８９６１マリーナ・ビュー１２、アジア・スクエア・タワー２、＃２２－０１／０２",,,,,,2022-10-31,1,,,,,"シタデルジヤパンピーテイーイーリミテツド",0
1071,5010001065251,01,1,2022-10-31,2015-10-05,"株式会社ワイアード",,301,"東京都","千代田区","神田淡路町１丁目１１番地",,13,101,1010063,,,,,,,2015-10-05,1,,,,,"ワイアード",0
1072,5010001123067,01,1,2022-10-31,2015-10-05,"ミクロ株式会社",,301,"東京都","千代田区","外神田２丁目１７番２号",,13,101,1010021,,,,,,,2015-10-05,1,,,,,"ミクロ",0
1073,5010001124214,01,1,2022-10-31,2015-10-05,"株式会社トラストシステムズ",,301,"東京都","千代田区","岩本町１丁目３番１号",,13,101,1010032,,,,,,,2015-10-05,0,,,,,"トラストシステムズ",0
1074,5010001124214,12,1,2022-10-31,2017-07-27,"株式会社トラストシステムズ",,301,"東京都","港区","芝１丁目９番３号芝マツラビル３Ｆ",,13,103,1050014,,,,,,,2015-10-05,0,,,,,"トラストシステムズ",0
1075,5010001124214,12,0,2022-10-31,2022-10-27,"株式会社トラストシステムズ",,301,"東京都","中央区","晴海１丁目８番１２号晴海アイランドトリトンスクエアオフィスタワーＺ７Ｆ",,13,102,1040053,,,,,,,2015-10-05,1,,,,,"トラストシステムズ",0
1076,5010001149203,01,1,2022-10-31,2015-10-05,"Ｐｏｌｉｍａｓｔｅｒ　Ｐａｃｉｆｉｃ株式会社",,301,"東京都","千代田区","九段北１丁目１－７カーサ九段５０６号室",,13,101,1020073,,,,,,,2015-10-05,0,,,,,,0
1077,5010001149203,11,1,2022-10-31,2016-07-05,"Ｐｏｌｉｍａｓｔｅｒ　Ｊａｐａｎ株式会社",,301,"東京都","千代田区","九段北１丁目１－７カーサ九段５０６号室",,13,101,1020073,,,,,,,2015-10-05,0,,,,,"ポリーマスタージャパン",0
1078,5010001149203,12,1,2022-10-31,2016-07-08,"Ｐｏｌｉｍａｓｔｅｒ　Ｊａｐａｎ株式会社",,301,"石川県","金沢市","鞍月５丁目１７７番地",,17,201,9208203,,,,,,,2015-10-05,1,,,,,"ポリーマスタージャパン",0
1079,5010001150631,01,1,2022-10-31,2015-10-05,"株式会社アムレット",,301,"東京都","中央区","銀座３丁目１１番１６号Ｇ３銀座ビル５Ａ",,13,102,1040061,,,,,,,2015-10-05,1,,,,,"アムレット",0
1080,5010001161645,01,1,2022-10-31,2015-10-05,"株式会社Ｎｅｘｔ　Ｓｏｌｕｔｉｏｎ",,301,"東京都","千代田区","麹町１丁目６番９号ＤＩＫ麹町ビル５Ｆ",,13,101,1020083,,,,,,,2015-10-05,1,,,,,,0
1081,5010001226670,12,0,2022-10-31,2022-10-25,"株式会社半径５０ｍ",,301,"東京都","中央区","日本橋室町１丁目１２番１２号水島ビル３Ｆ",,13,102,1030022,,,,,,,2022-05-16,1,,,,,"ハンケイゴジュウメートル",0
1082,5010002003441,21,0,2022-10-31,2022-10-20,"有限会社千商",,302,"東京都","文京区","向丘１丁目１０番２－７０１号",,13,105,1130023,,,2022-10-20,01,,,2015-10-05,1,,,,,"センショウ",0
1083,5010002019529,01,1,2022-10-31,2015-10-05,"有限会社ケー・シー",,302,"東京都","中央区","日本橋３丁目８番６号",,13,102,1030027,,,,,,,2015-10-05,1,,,,,"ケーシー",0
1084,5010003034758,11,0,2022-10-31,2022-10-25,"マリオンＭＬ合同会社",,305,"東京都","千代田区","丸の内３丁目１番１号東京共同会計事務所内",,13,101,1000005,,,,,,,2021-05-06,1,,,,,"マリオンエムエル",0
1085,5010101000018,01,1,2022-10-31,2015-10-05,"株式会社アイエムエス",,301,"東京都","八王子市","北野町５２２番地の３",,13,201,1920906,,,,,,,2015-10-05,1,"IMS CO.,LTD.","Tokyo","522-3,kitanomachi, hachioji shi",,"アイエムエス",0
1086,5010401080040,01,1,2022-10-31,2015-10-05,"株式会社リヌオン",,301,"東京都","港区","北青山３丁目６番７号",,13,103,1070061,,,,,,,2015-10-05,1,,,,,"リヌオン",0
1087,5010401158126,12,0,2022-10-31,2022-10-11,"ｓｉｎｃｅｒｅｅｄ株式会社",,301,"東京都","港区","西新橋１丁目１－１ＷｅＷｏｒｋ日比谷ＦＯＲＴＴＯＷＥＲ１０Ｆ",,13,103,1050003,,,,,,,2021-02-12,1,,,,,"シンシアード",0
1088,5010401161609,12,0,2022-10-31,2022-10-26,"株式会社Ｚｅａｍｉ",,301,"東京都","千代田区","神田三崎町２丁目４番１３号コンポラビル１階",,13,101,1010061,,,,,,,2021-07-20,1,,,,,"ゼアミ",0
1089,5010401170502,01,0,2022-10-31,2022-10-31,"ナウナウジャパン株式会社",,301,"東京都","港区","赤坂１丁目１４番１５号",,13,103,1070052,,,,,,,2022-10-31,1,,,,,"ナウナウジャパン",0
1090,5010403016141,01,1,2022-10-31,2017-02-16,"合同会社マナ",,305,"東京都","港区","白金台３丁目１４番３－５０３号",,13,103,1080071,,,,,,,2017-02-16,1,,,,,"マナ",0
1091,5010403017858,01,1,2022-10-31,2017-12-26,"ＧＩＡ　Ｓｏｌａｒ１号合同会社",,305,"東京都","港区","赤坂１丁目１２番３２号アーク森ビル３０階Ｃｅｎｘｕｓ税理士法人内",,13,103,1070052,,,,,,,2017-12-26,0,,,,,"ジーアイエーソーラーイチゴウ",0
1092,5010403017858,12,1,2022-10-31,2020-06-22,"ＧＩＡ　Ｓｏｌａｒ１号合同会社",,305,"東京都","千代田区","紀尾井町３番１０号紀尾井町ガーデンタワー２５０４号（Ｃ／Ｏｓｈｉｍａｄａ－ｏｆｆｉｃｅ）",,13,101,1020094,,,,,,,2017-12-26,0,,,,,"ジーアイエーソーラーイチゴウ",0
1093,5010403017858,11,1,2022-10-31,2022-06-20,"合同会社オーエルピー",,305,"東京都","千代田区","紀尾井町３番１０号紀尾井町ガーデンタワー２５０４号（Ｃ／Ｏｓｈｉｍａｄａ－ｏｆｆｉｃｅ）",,13,101,1020094,,,,,,,2017-12-26,0,,,,,"オーエルピー",0
1094,5010403017858,12,1,2022-10-31,2022-10-26,"合同会社オーエルピー",,305,"東京都","千代田区","鍛冶町２丁目１０番１０号",,13,101,1010044,,,,,,,2017-12-26,1,,,,,"オーエルピー",0
1095,5010405018301,12,0,2022-10-31,2022-10-27,"特定目的会社ゼストホールディング",,399,"東京都","千代田区","丸の内３丁目１番１号東京共同会計事務所内",,13,101,1000005,,,,,,,2019-11-29,1,,,,,"ゼストホールディング",0
1096,5010501023766,12,0,2022-10-31,2022-10-26,"株式会社大紀元",,301,"東京都","千代田区","紀尾井町３－２９紀尾井ロイヤルハイツ３０４",,13,101,1020094,,,,,,,2015-10-05,1,,,,,"ダイキゲン",0
1097,5010501032882,12,0,2022-10-31,2022-10-27,"フードライセンスジャパン株式会社",,301,"大阪府","大阪市淀川区","東三国１丁目９番８号",,27,123,5320002,,,,,,,2015-10-05,1,,,,,"フードライセンスジャパン",0
1098,5010501049563,01,0,2022-10-31,2022-10-31,"株式会社池之端アカウンティングセンター",,301,"東京都","台東区","池之端４丁目２３番２－６０５号",,13,106,1100008,,,,,,,2022-10-31,1,,,,,"イケノハタアカウンティングセンター",0
1099,5010601060239,01,1,2022-10-31,2021-11-18,"ＯＪ株式会社",,301,"東京都","江東区","青海２丁目７番４号ｔｈｅＳＯＨＯ１００１号室",,13,108,1350064,,,,,,,2021-11-18,0,,,,,"オージェイ",0
1100,5010601060239,12,0,2022-10-31,2022-10-25,"ＯＪ株式会社",,301,"東京都","港区","南青山２丁目２番１５号",,13,103,1070062,,,,,,,2021-11-18,1,,,,,"オージェイ",0
1101,5010601060429,12,0,2022-10-31,2022-10-25,"ＣＡＳＩＮＯ　ＪＡＰＡＮ株式会社",,301,"東京都","港区","南青山２丁目２番１５号",,13,103,1070062,,,,,,,2022-01-11,1,,,,,"カジノジャパン",0
1102,5010603009812,01,0,2022-10-31,2022-10-31,"Ｈ＆Ｙ合同会社",,305,"東京都","墨田区","江東橋５丁目６番１３",,13,107,1300022,,,,,,,2022-10-31,1,,,,,"エイチアンドワイ",0
1103,5010701041295,12,0,2022-10-31,2022-10-26,"ベルシティコンサルティング株式会社",,301,"東京都","港区","港南４丁目６番７－３８０６号",,13,103,1080075,,,,,,,2021-07-26,1,,,,,"ベルシティコンサルティング",0
1104,5010702012824,01,1,2022-10-31,2015-10-05,"有限会社三宝総業",,302,"東京都","品川区","東五反田１丁目４番１３号",,13,109,1410022,,,,,,,2015-10-05,1,,,,,"サンポウソウギョウ",0
1105,5010801010472,12,0,2022-10-31,2022-10-19,"伏見産業株式会社",,301,"東京都","大田区","中馬込１丁目１１番１６号",,13,111,1430027,,,,,,,2015-10-05,1,,,,,"フシミサンギョウ",0
1106,5010901050922,12,0,2022-10-31,2022-10-27,"大可楽文化伝媒株式会社",,301,"東京都","新宿区","山吹町３３７－５都創住山吹町ビル８０１号室",,13,104,1620801,,,,,,,2022-05-30,1,,,,,"ダイコーラブンカメディア",0
1107,5010901051870,01,0,2022-10-31,2022-10-31,"株式会社ｓｔａｒ　ｔｒｅｅ",,301,"東京都","世田谷区","奥沢６丁目１６番３号",,13,112,1580083,,,,,,,2022-10-31,1,,,,,,0
1108,5011001051811,01,1,2022-10-31,2015-10-05,"株式会社エイブコーポレーション",,301,"東京都","渋谷区","道玄坂２丁目１６番７号花菱ビル５階",,13,113,1500043,,,,,,,2015-10-05,1,,,,,"エイブコーポレーション",0
1109,5011001073640,12,0,2022-10-31,2022-10-12,"ミールトラスト株式会社",,301,"東京都","港区","南青山２丁目２番１５号",,13,103,1070062,,,,,,,2015-10-05,1,,,,,"ミールトラスト",0
1110,5011001090520,12,0,2022-10-31,2022-10-26,"ネクストキャピタル株式会社",,301,"東京都","中央区","日本橋箱崎町１６－１",,13,102,1030015,,,,,,,2015-10-05,1,,,,,"ネクストキャピタル",0
1111,5011001108958,01,1,2022-10-31,2016-01-08,"株式会社尾崎行欧デザイン事務所",,301,"東京都","渋谷区","東１丁目１番３８号東常盤松マンション５０４",,13,113,1500011,,,,,,,2016-01-08,0,,,,,"オザキイクオデザインジムショ",0
1112,5011001108958,12,1,2022-10-31,2017-07-28,"株式会社尾崎行欧デザイン事務所",,301,"東京都","港区","北青山３丁目１５番１３号秀和北青山レジデンス５０４号室",,13,103,1070061,,,,,,,2016-01-08,1,,,,,"オザキイクオデザインジムショ",0
1113,5011001116936,12,0,2022-10-31,2022-10-26,"シン・デンゲン株式会社",,301,"東京都","港区","港南２丁目１６番１号－４階",,13,103,1080075,,,,,,,2017-06-20,1,,,,,"シンデンゲン",0
1114,5011001125805,12,0,2022-10-31,2022-10-25,"株式会社ＮａＯＨ",,301,"東京都","港区","麻布台３丁目４番１８号クリーデンス麻布台２０１",,13,103,1060041,,,,,,,2018-12-25,1,,,,,"エヌエーオーエイチ",0
1115,5011001132248,12,0,2022-10-31,2022-10-21,"２４株式会社",,301,"東京都","渋谷区","恵比寿南１丁目１１番１５号恵比寿ＫＤビル４Ｆ",,13,113,1500022,,,,,,,2020-02-06,1,,,,,"ニーヨン",0
1116,5011001134640,12,0,2022-10-31,2022-09-08,"株式会社ＳＡＩＴＡ",,301,"東京都","目黒区","中目黒４丁目６－１８タウンハウス伊藤Ｂ１",,13,110,1530061,,,,,,,2020-07-09,1,,,,,"サイタ",0
1117,5011001150555,01,0,2022-10-31,2022-10-31,"株式会社ＳＡＫＥ‐ＩＲＯＤＯＲＩ",,301,"東京都","渋谷区","上原１丁目３番９号",,13,113,1510064,,,,,,,2022-10-31,1,,,,,"サケイロドリ",0
1118,5011001150605,01,0,2022-10-31,2022-10-31,"株式会社綾川",,301,"東京都","渋谷区","恵比寿１丁目２１番１８号",,13,113,1500013,,,,,,,2022-10-31,1,,,,,"アヤガワ",0
1119,5011003007464,21,0,2022-10-31,2022-10-17,"西武キャピタル合同会社",,305,"東京都","渋谷区","恵比寿西２丁目１９番９号",,13,113,1500021,,,2022-10-17,11,8011003005886,"令和４年１０月１０日東京都渋谷区鉢山町１０番１２号高千穂キャピタル合同会社（8011003005886）に合併し解散",2017-02-20,1,,,,,"セイブキャピタル",0
1120,5011003015608,01,0,2022-10-31,2022-10-31,"合同会社ｌｉｍ　ｆｏｒｃｅ",,305,"東京都","渋谷区","神宮前６丁目２３番４号桑野ビル２階",,13,113,1500001,,,,,,,2022-10-31,1,,,,,"リムフォース",0
1121,5011101100666,01,0,2022-10-31,2022-10-31,"株式会社シリアスカンパニー",,301,"東京都","新宿区","山吹町３４２－１２－８０１",,13,104,1620801,,,,,,,2022-10-31,1,,,,,"シリアスカンパニー",0
1122,5011101100682,01,0,2022-10-31,2022-10-31,"株式会社大建",,301,"東京都","新宿区","大久保１丁目２番１号",,13,104,1690072,,,,,,,2022-10-31,1,,,,,"ダイケン",0
1123,5011102008603,21,0,2022-10-31,2022-10-27,"有限会社デザインファーム",,302,"東京都","新宿区","矢来町７５番地",,13,104,1620805,,,2022-10-27,01,,,2015-10-05,1,,,,,"デザインファーム",0
1124,5011201024195,01,0,2022-10-31,2022-10-31,"Ｓ．ｔ．ａ．ｃ．ｋ空調株式会社",,301,"東京都","中野区","江原町２丁目３１番２号",,13,114,1650023,,,,,,,2022-10-31,1,,,,,"スタッククウチョウ",0
1125,5011301028220,01,0,2022-10-31,2022-10-31,"株式会社ＫＮＡｎｃｈｏｒ",,301,"東京都","杉並区","上荻２丁目２番９号フリーディオ上荻２０４",,13,115,1670043,,,,,,,2022-10-31,1,,,,,"ケーエヌアンカー",0
1126,5011302015655,11,0,2022-10-31,2022-10-26,"サイ・ハイドロリックス株式会社",,301,"神奈川県","相模原市中央区","相模原６丁目１１番１２号ＳＡＧＡＭＩＨＡＲＡ・ＳＩＸ・Ｃ－２",,14,152,2520231,,,,,,,2015-10-05,1,,,,,"サイハイドロリックス",0
1127,5011303004566,01,0,2022-10-31,2022-10-31,"Ｔｒｅａｓｕｒｅ　Ｈｕｎｔｉｎｇ４７合同会社",,305,"東京都","杉並区","成田東５丁目３９番１２－４０６号グローリーハイツ南阿佐ケ谷",,13,115,1660015,,,,,,,2022-10-31,1,,,,,"トレジャーハンティングフォーティーセブン",0
1128,5011401024631,01,0,2022-10-31,2022-10-31,"株式会社ＴＳＵＹＯＳＨＩ",,301,"東京都","板橋区","前野町４丁目４９番８号",,13,119,1740063,,,,,,,2022-10-31,1,,,,,"ツヨシ",0
1129,5011501028607,01,0,2022-10-31,2022-10-31,"三岩電子株式会社",,301,"東京都","荒川区","東日暮里３丁目２８番５号ＣｒｙｓｔａｌＢｕｉｌｄｉｎｇ１Ｆ",,13,118,1160014,,,,,,,2022-10-31,1,,,,,"ミツイワデンシ",0
1130,5011501028615,01,0,2022-10-31,2022-10-31,"株式会社ＢＯＤＨＩ",,301,"東京都","北区","赤羽北２丁目１３番１５号２０１室",,13,117,1150052,,,,,,,2022-10-31,1,,,,,"ボダイ",0
1131,5011601025231,12,0,2022-10-31,2022-10-27,"株式会社Ｔａｎｔｏ　Ｆｉｏｒｅ",,301,"東京都","練馬区","豊玉北５丁目２２番１０号コンフォートＸ１階Ｂ",,13,120,1760012,,,,,,,2021-07-06,1,,,,,"タントフィオーレ",0
1132,5011801003937,01,1,2022-10-31,2015-10-05,"株式会社幡成サッシ工業",,301,"東京都","葛飾区","西亀有２丁目２０番１０号",,13,122,1240002,,,,,,,2015-10-05,1,,,,,"バンセイサッシコウギョウ",0
1133,5011801014769,01,1,2022-10-31,2015-10-05,"同和金属工業株式会社",,301,"東京都","足立区","関原１丁目１番１号",,13,121,1230852,,,,,,,2015-10-05,1,,,,,"ドウワキンゾクコウギョウ",0
1134,5011801017747,01,1,2022-10-31,2015-10-05,"株式会社パーツワン",,301,"東京都","足立区","保木間３丁目３７番１２号",,13,121,1210064,,,,,,,2015-10-05,1,,,,,"パーツワン",0
1135,5011801036078,12,0,2022-10-31,2022-10-25,"株式会社Ｙ’ｓ　Ｊａｐａｎ",,301,"東京都","足立区","綾瀬１丁目３２番８号",,13,121,1200005,,,,,,,2019-05-07,1,,,,,"ワイズジャパン",0
1136,5011801041458,01,0,2022-10-31,2022-10-31,"Ｍｕｇｅｎｆｕｅｌ株式会社",,301,"東京都","足立区","西新井本町４丁目２番１０号３０４号",,13,121,1230845,,,,,,,2022-10-31,1,,,,,"ムゲンプユル",0
1137,5011803005337,01,0,2022-10-31,2022-10-31,"ＹＡＭＡＧＩＮ０１合同会社",,305,"東京都","葛飾区","東新小岩５丁目１４番１６号",,13,122,1240023,,,,,,,2022-10-31,1,,,,,"ヤマギンゼロイチ",0
1138,5012301013187,01,0,2022-10-31,2022-10-31,"株式会社Ｍｉｓｔｙ",,301,"東京都","町田市","原町田４丁目１番３号第３丸町ビルＢ１",,13,209,1940013,,,,,,,2022-10-31,1,,,,,"ミスティー",0
1139,5012303001735,01,0,2022-10-31,2022-10-31,"合同会社デイサービス花の歌",,305,"東京都","町田市","下小山田町１番地７",,13,209,1940202,,,,,,,2022-10-31,1,,,,,"デイサービスハナノウタ",0
1140,5012401033036,12,0,2022-10-31,2022-10-25,"株式会社ＳＥＷＤ　ＣＲＥＡＴＩＶＥ",,301,"東京都","港区","南青山６丁目８番１８号Ｐ’ｓ南青山ビルディング３Ｆ",,13,103,1070062,,,,,,,2017-08-02,1,,,,,"ソードクリエイティブ",0
1141,5012401034769,01,1,2022-10-31,2018-12-19,"株式会社ＵＴｏ",,301,"東京都","稲城市","大丸３１３番地",,13,225,2060801,,,,,,,2018-12-19,0,,,,,"ユーティーオー",0
1142,5012401034769,12,1,2022-10-31,2019-11-01,"株式会社ＵＴｏ",,301,"東京都","稲城市","坂浜２８６７番地",,13,225,2060822,,,,,,,2018-12-19,0,,,,,"ユーティーオー",0
1143,5012401034769,12,1,2022-10-31,2020-06-11,"株式会社ＵＴｏ",,301,"東京都","新宿区","西新宿１丁目２６番２号新宿野村ビル３２階",,13,104,1600023,,,,,,,2018-12-19,1,,,,,"ユーティーオー",0
1144,5012401039792,01,0,2022-10-31,2022-10-31,"株式会社エフティ企画",,301,"東京都","小金井市","貫井南町５丁目５番１９号",,13,210,1840014,,,,,,,2022-10-31,1,,,,,"エフティキカク",0
1145,5012403002641,11,0,2022-10-31,2022-10-25,"株式会社中山",,301,"東京都","三鷹市","下連雀３丁目３１番１１号",,13,204,1810013,,,,,,,2016-02-08,1,,,,,"チュウザン",0
1146,5012403005644,01,0,2022-10-31,2022-10-31,"ｅｒｆｅｎｉｓ合同会社",,305,"東京都","三鷹市","井の頭５丁目１６－９－４",,13,204,1810001,,,,,,,2022-10-31,1,,,,,"エルフェニス",0
1147,5012701013745,12,0,2022-10-31,2022-10-19,"株式会社バディトレ",,301,"東京都","渋谷区","広尾５丁目１－４３広尾ＺＥＲＯ４０２号室",,13,113,1500012,,,,,,,2016-06-03,1,,,,,"バディトレ",0
1148,5012701015568,12,0,2022-10-31,2022-10-26,"株式会社ディオスリペア",,301,"東京都","西東京市","下保谷２丁目５番２０－１０３号",,13,229,2020004,,,,,,,2019-10-10,1,,,,,"ディオスリペア",0
1149,5012703002564,01,0,2022-10-31,2022-10-31,"合同会社エーズテック",,305,"東京都","東村山市","野口町１丁目２６－２９－１０３",,13,213,1890022,,,,,,,2022-10-31,1,,,,,"エーズテック",0
1150,5012801020856,21,0,2022-10-31,2022-10-20,"ＫＴＳ株式会社",,301,"東京都","立川市","錦町３丁目１番２１号熊ビル２階２０２号室",,13,202,1900022,,,2022-10-20,01,,,2021-05-25,1,,,,,"ケーティーエス",0
1151,5012801021920,01,0,2022-10-31,2022-10-31,"株式会社ＡＲＥＣＳ",,301,"東京都","立川市","上砂町５丁目７１番１１号",,13,202,1900032,,,,,,,2022-10-31,1,,,,,"アレクス",0
1152,5013201002362,01,1,2022-10-31,2015-10-05,"株式会社サトシンハウス",,301,"東京都","目黒区","東山３丁目１番１９号１０１",,13,110,1530043,,,,,,,2015-10-05,1,,,,,"サトシンハウス",0
1153,5013201018986,01,1,2022-10-31,2015-10-05,"高橋硝子株式会社",,301,"東京都","目黒区","緑が丘１丁目１９番２３号",,13,110,1520034,,,,,,,2015-10-05,1,,,,,"タカハシガラス",0
1154,5013301010604,01,1,2022-10-31,2015-10-05,"藤電業株式会社",,301,"東京都","豊島区","池袋本町１丁目１７番４号",,13,116,1700011,,,,,,,2015-10-05,1,,,,,"フジデンギョウ",0
1155,5013301033951,01,1,2022-10-31,2015-10-05,"ＮＫジューク株式会社",,301,"東京都","豊島区","上池袋１丁目３２番２０グランフォート青淵閣９０２号",,13,116,1700012,,,,,,,2015-10-05,0,,,,,"エヌケージューク",0
1156,5013301033951,12,0,2022-10-31,2022-10-27,"ＮＫジューク株式会社",,301,"東京都","目黒区","上目黒４丁目３６番２２－４０１号",,13,110,1530051,,,,,,,2015-10-05,1,,,,,"エヌケージューク",0
1157,5013301034917,01,1,2022-10-31,2015-10-05,"株式会社エニーシー",,301,"東京都","豊島区","南大塚２丁目１１番１０号ミモザビル３階",,13,116,1700005,,,,,,,2015-10-05,1,,,,,"エニーシー",0
1158,5013301040898,12,0,2022-10-31,2022-10-27,"源淞株式会社",,301,"埼玉県","川越市","大字砂６２１－１９",,11,201,3501133,,,,,,,2017-08-01,1,,,,,,0
1159,5013301049865,01,0,2022-10-31,2022-10-31,"株式会社ＳＭＴ",,301,"東京都","豊島区","南池袋４丁目８番４－１０２号",,13,116,1710022,,,,,,,2022-10-31,1,,,,,"エスエムティー",0
1160,5013302011816,01,1,2022-10-31,2015-10-05,"有限会社薬草研究所",,302,"東京都","豊島区","上池袋２丁目４番１号",,13,116,1700012,,,,,,,2015-10-05,1,,,,,"ヤクソウケンキュウショ",0
1161,5020001002864,71,0,2022-10-31,2022-10-07,"コスモ食品株式会社",,301,"東京都","大田区","大森北２丁目４番１８号",,13,111,1430016,,,,,,"令和４年１０月１日青森県西津軽郡鰺ヶ沢町大字建石町字島田１４２番地３イワキフーズ株式会社（4420001008475）を合併令和４年１０月１日青森県弘前市大字藤野二丁目３番１コスモ食品研究株式会社（6420001009050）を合併令和４年１０月１日青森県弘前市大字藤野二丁目３番地１津軽和漢堂株式会社（4420001010555）を合併",2015-10-05,1,,,,,"コスモショクヒン",0
1162,5020001013746,01,1,2022-10-31,2015-10-05,"株式会社ボストン商会",,301,"神奈川県","横浜市金沢区","鳥浜町１２番５３",,14,108,2360002,,,,,,,2015-10-05,0,,,,,"ボストンショウカイ",0
1163,5020001013746,71,1,2022-10-31,2022-10-03,"株式会社ボストン商会",,301,"神奈川県","横浜市金沢区","鳥浜町１２番５３",,14,108,2360002,,,,,,"令和４年１０月１日大阪市中央区久太郎町三丁目４番３０号株式会社ボンユニ大阪（5120001089446）を合併令和４年１０月１日福岡市中央区白金二丁目３番８号株式会社ボンユニ福岡（4290001010429）を合併",2015-10-05,1,,,,,"ボストンショウカイ",0
1164,5020001018407,21,0,2022-10-31,2022-10-20,"日本技検株式会社",,301,"神奈川県","横浜市鶴見区","駒岡２丁目１０番３８号",,14,101,2300071,,,2022-10-20,11,2020001018186,"令和４年１０月１日横浜市鶴見区江ケ崎町１１番３４号東邦酸素工業株式会社（2020001018186）に合併し解散",2015-10-05,1,,,,,"ニホンギケン",0
1165,5020001074078,12,0,2022-10-31,2022-10-26,"西峯電子株式会社",,301,"東京都","大田区","北糀谷１丁目５番１４号",,13,111,1440032,,,,,,,2015-10-05,1,,,,,"ザイホウデンシ",0
1166,5020001083921,01,1,2022-10-31,2015-10-05,"株式会社アール・シー・エム・オブ・ジャパン",,301,"神奈川県","横浜市南区","白妙町１丁目３番地",,14,105,2320023,,,,,,,2015-10-05,1,,,,,"アールシーエムオブジャパン",0
1167,5020002043511,01,1,2022-10-31,2015-10-05,"有限会社大世",,302,"神奈川県","横浜市磯子区","馬場町８番１３号",,14,107,2350002,,,,,,,2015-10-05,1,,,,,"ダイセイ",0
1168,5020002099652,01,1,2022-10-31,2015-10-05,"有限会社山一食品店",,302,"神奈川県","川崎市川崎区","藤崎４丁目７番１１号",,14,131,2100804,,,,,,,2015-10-05,1,,,,,"ヤマイチショクヒンテン",0
1169,5021001031911,01,1,2022-10-31,2015-10-05,"株式会社大滝ホテル",,301,"神奈川県","足柄下郡湯河原町","宮上７５０番地の１",,14,384,2590314,,,,,,,2015-10-05,1,,,,,"オオタキホテル",0
1170,5021001048534,01,1,2022-10-31,2015-10-05,"株式会社アディオ",,301,"神奈川県","愛甲郡愛川町","角田８２６番地の１",,14,401,2430301,,,,,,,2015-10-05,1,,,,,"アディオ",0
1171,5021001077302,01,0,2022-10-31,2022-10-31,"株式会社スローモーション",,301,"神奈川県","小田原市","栄町１丁目１６番１９号",,14,206,2500011,,,,,,,2022-10-31,1,,,,,"スローモーション",0
1172,5021001077310,01,0,2022-10-31,2022-10-31,"株式会社Ｒａｖｖｉｖａ",,301,"神奈川県","小田原市","鴨宮８０９番地の１１",,14,206,2500874,,,,,,,2022-10-31,1,,,,,,0
1173,5021002052808,01,1,2022-10-31,2015-10-05,"有限会社花菱商事",,302,"神奈川県","小田原市","栢山２６３１番地の１",,14,206,2500852,,,,,,,2015-10-05,1,,,,,"ハナビシ",0
1174,5030001011617,01,1,2022-10-31,2015-10-05,"株式会社遠山紙業",,301,"埼玉県","さいたま市緑区","大字大門１９４７番地１",,11,109,3360963,,,,,,,2015-10-05,1,,,,,"トオヤマシギョウ",0
1175,5030001029790,01,1,2022-10-31,2015-10-05,"株式会社ビーワン埼玉",,301,"埼玉県","所沢市","南住吉１９番２９号",,11,208,3591125,,,,,,,2015-10-05,1,,,,,"ビーワンサイタマ",0
1176,5030001094637,01,1,2022-10-31,2015-10-05,"株式会社ＴＨＹ",,301,"埼玉県","所沢市","北中３丁目３６番地の１",,11,208,3591101,,,,,,,2015-10-05,1,,,,,"ティーエイチワイ",0
1177,5030001124848,12,0,2022-10-31,2022-10-21,"株式会社平間興業",,301,"埼玉県","幸手市","大字外国府間５３０番地",,11,240,3400101,,,,,,,2018-03-23,1,,,,,"ヒラマコウギョウ",0
1178,5030001150761,01,0,2022-10-31,2022-10-31,"ＢＬＡＳＴ　ＧＡＲＡＧＥ株式会社",,301,"埼玉県","春日部市","内牧４８１０番地",,11,214,3440051,,,,,,,2022-10-31,1,,,,,"ブラストガレージ",0
1179,5030001150778,01,0,2022-10-31,2022-10-31,"株式会社Ａｊａ　Ｓｔａｔｅ",,301,"埼玉県","和光市","新倉１丁目８番７－２号",,11,229,3510115,,,,,,,2022-10-31,1,,,,,"アジャステイト",0
1180,5030002068053,01,1,2022-10-31,2015-10-05,"有限会社春日部建窓",,302,"埼玉県","春日部市","小渕１４８９番地１",,11,214,3440007,,,,,,,2015-10-05,1,,,,,"カスカベケンソウ",0
1181,5030002105905,12,0,2022-10-31,2022-10-21,"有限会社貫井電機工事",,302,"埼玉県","川口市","大字芝５３８１番地の２",,11,203,3330866,,,,,,,2015-10-05,1,,,,,"ヌクイデンキコウジ",0
1182,5040001125606,01,0,2022-10-31,2022-10-31,"ＵＫＧ株式会社",,301,"千葉県","長生郡白子町","浜宿２４３８番地２",,12,424,2994201,,,,,,,2022-10-31,1,,,,,"ユーケージー",0
1183,5040001125622,01,0,2022-10-31,2022-10-31,"ＳＨＯＷＢＩＺ　ＩＮＴＥＲＮＡＴＩＯＮＡＬ　ＪＡＰＡＮ株式会社",,301,"千葉県","松戸市","八ケ崎４丁目１８番地の３メゾンド松戸２０１号",,12,207,2700023,,,,,,,2022-10-31,1,,,,,"ショウビズインターナショナルジャパン",0
1184,5040001125639,01,0,2022-10-31,2022-10-31,"株式会社千秋エージェンシー",,301,"千葉県","印西市","滝野６丁目６番９号",,12,231,2702329,,,,,,,2022-10-31,1,,,,,"センシュウエージェンシー",0
1185,5040002063862,01,1,2022-10-31,2015-10-05,"山栄運輸有限会社",,302,"千葉県","八街市","八街へ１９９番地１０１４",,12,230,2891113,,,,,,,2015-10-05,0,,,,,"ヤマエイウンユ",0
1186,5040002063862,12,1,2022-10-31,2021-07-16,"山栄運輸有限会社",,302,"千葉県","習志野市","東習志野２丁目１８番１１－１１１７号",,12,216,2750001,,,,,,,2015-10-05,1,,,,,"ヤマエイウンユ",0
1187,5040002092259,01,1,2022-10-31,2015-10-05,"有限会社浅海洋品店",,302,"千葉県","我孫子市","布佐２７９０番地の１",,12,222,2701101,,,,,,,2015-10-05,1,,,,,"アサミヨウヒンテン",0
1188,5040002095501,21,0,2022-10-31,2022-10-24,"有限会社大倉塗装工業",,302,"千葉県","柏市","高柳１９２５番地８",,12,217,2770941,,,2022-10-24,01,,,2015-10-05,1,,,,,"オオクラトソウコウギョウ",0
1189,5040003006119,21,0,2022-10-31,2022-10-24,"合同会社レイ工業",,305,"千葉県","市原市","青柳６２７番地",,12,219,2990102,,,2022-10-24,01,,,2015-10-05,1,,,,,"レイコウギョウ",0
1190,5040003009872,01,1,2022-10-31,2017-03-31,"合同会社レズム",,305,"千葉県","柏市","中新宿２丁目１１番２３号",,12,217,2770066,,,,,,,2017-03-31,1,,,,,"レズム",0
1191,5040003021159,01,0,2022-10-31,2022-10-31,"合同会社ハンチャンコーポレート",,305,"千葉県","市原市","西五所２番地の１１",,12,219,2900065,,,,,,,2022-10-31,1,,,,,"ハンチャンコーポレート",0
1192,5040003021167,01,0,2022-10-31,2022-10-31,"合同会社Ｎ‐Ｓｔｙｌｅ",,305,"千葉県","柏市","青葉台１丁目１２番１６号",,12,217,2770055,,,,,,,2022-10-31,1,,,,,"エヌスタイル",0
1193,5050001009139,21,0,2022-10-31,2022-10-25,"サンコー株式会社",,301,"茨城県","つくば市","二の宮１丁目２４－８パルシャスつくばＩ１０１号室",,08,220,3050051,,,2022-10-25,01,,,2015-10-05,1,,,,,"サンコー",0
1194,5050001020582,01,1,2022-10-31,2015-10-05,"鹿島産業株式会社",,301,"茨城県","神栖市","神栖１丁目１７番９号",,08,232,3140143,,,,,,,2015-10-05,1,,,,,"カシマサンギョウ",0
1195,5050001051867,01,0,2022-10-31,2022-10-31,"Ｇｌｏｂａｌ　Ｅｑｕｅｓｔｒｉａｎ　Ａｃｔｉｏｎ　Ｔｅａｍ株式会社",,301,"茨城県","つくば市","妻木２５０４番地３",,08,220,3050028,,,,,,,2022-10-31,1,,,,,"グローバルエクエストリアンアクションチーム",0
1196,5050001051875,01,0,2022-10-31,2022-10-31,"株式会社筑波石工",,301,"茨城県","つくばみらい市","東栗山１４１０番地",,08,235,3002313,,,,,,,2022-10-31,1,,,,,"ツクバセッコウ",0
1197,5050003005342,12,0,2022-10-31,2022-10-26,"ＣＡ　ＥＮＴＥＲＰＲＩＳＥ合同会社",,305,"福岡県","行橋市","西宮市２丁目１８－４黒川ハウス",,40,213,8240031,,,,,,,2020-08-24,1,,,,,"シーエーエンタープライズ",0
1198,5060001006358,01,1,2022-10-31,2015-10-05,"株式会社フィールド",,301,"栃木県","宇都宮市","西川田町７１番地５",,09,201,3210151,,,,,,,2015-10-05,1,,,,,"フィールド",0
1199,5060001021778,01,1,2022-10-31,2015-10-05,"株式会社エコーレンタルサービス",,301,"栃木県","佐野市","吉水町１５３６－１",,09,204,3270313,,,,,,,2015-10-05,1,,,,,"エコーレンタルサービス",0
1200,5070001018088,01,1,2022-10-31,2015-10-05,"小川冷熱株式会社",,301,"群馬県","北群馬郡榛東村","大字新井３６１番地１",,10,344,3703503,,,,,,,2015-10-05,1,,,,,"オガワレイネツ",0
1201,5080001025265,01,0,2022-10-31,2022-10-31,"株式会社けいしん個別指導学院",,301,"静岡県","静岡市清水区","船原２丁目２１３番地の４船原ビル１０２号",,22,103,4240845,,,,,,,2022-10-31,1,,,,,"ケイシンコベツシドウガクイン",0
1202,5080002002164,21,0,2022-10-31,2022-10-27,"有限会社サインテック静岡",,302,"静岡県","静岡市駿河区","向敷地３９７番地の４",,22,102,4210101,,,2022-10-27,01,,,2015-10-05,1,,,,,"サインテックシズオカ",0
1203,5080002005489,21,0,2022-10-31,2022-10-28,"マルイ稲垣塗装有限会社",,302,"静岡県","静岡市駿河区","西島７９５番地の１",,22,102,4228045,,,2022-10-28,01,,,2015-10-05,1,,,,,"マルイイナガキトソウ",0
1204,5080002011990,01,1,2022-10-31,2015-10-05,"ＡＵＴＯ・ルブテック・ＪＡＰＡＮ有限会社",,302,"静岡県","静岡市葵区","南瀬名町５番２６号",,22,101,4200915,,,,,,,2015-10-05,1,,,,,"オウトルブテックジャパン",0
1205,5080102015363,01,1,2022-10-31,2015-10-05,"有限会社芳美ビルデイング",,302,"静岡県","富士市","錦町１丁目１３番２号",,22,210,4170045,,,,,,,2015-10-05,1,,,,,"ヨシミビルデイング",0
1206,5080401025410,12,0,2022-10-31,2022-10-28,"株式会社坂本産業",,301,"静岡県","浜松市東区","大蒲町１２４番地の３２",,22,132,4350014,,,,,,,2021-10-11,1,,,,,"サカモトサンギョウ",0
1207,5080402008884,21,0,2022-10-31,2022-10-28,"有限会社楽有堂",,302,"静岡県","浜松市中区","東伊場１丁目２７番１３号",,22,131,4328036,,,2022-10-28,01,,,2015-10-05,1,,,,,"ラクユウドウ",0
1208,5090005004982,21,0,2022-10-31,2022-10-21,"一般社団法人いずみそば組合",,399,"山梨県","北杜市","大泉町谷戸２８１５番地",,19,209,4091502,,,2022-10-21,01,,,2015-10-05,1,,,,,"イズミソバクミアイ",0
1209,5110001016731,01,1,2022-10-31,2015-10-05,"株式会社新潟ほんもの",,301,"新潟県","三条市","石上３丁目３３番３２号",,15,204,9550084,,,,,,,2015-10-05,1,,,,,"ニイガタホンモノ",0
1210,5110001020213,12,0,2022-10-31,2022-10-26,"株式会社イケシン電器",,301,"新潟県","妙高市","諏訪町１丁目８番９号",,15,217,9440018,,,,,,,2015-10-05,1,,,,,"イケシンデンキ",0
1211,5110001020709,01,1,2022-10-31,2015-10-05,"株式会社Ｊ－Ｐｌｕｓ",,301,"新潟県","上越市","五智３丁目９番２８号",,15,222,9420081,,,,,,,2015-10-05,1,,,,,"ジェープラス",0
1212,5110001034972,21,0,2022-10-31,2022-10-20,"株式会社クラウドクラフト",,301,"新潟県","新潟市中央区","天神１丁目１番地プラーカ３",,15,103,9500917,,,2022-10-20,01,,,2020-07-07,1,,,,,"クラウドクラフト",0
1213,5120001020253,21,0,2022-10-31,2022-10-26,"株式会社サノセンイ",,301,"大阪府","大阪市平野区","喜連５丁目３番６号",,27,126,5470027,,,2022-10-26,01,,,2015-10-05,1,,,,,"サノセンイ",0
1214,5120001024213,12,0,2022-10-31,2022-10-25,"株式会社ダイニチテクノ",,301,"大阪府","大阪市天王寺区","小宮町５番９号",,27,109,5430036,,,,,,,2015-10-05,1,,,,,"ダイニチテクノ",0
1215,5120001038650,01,1,2022-10-31,2015-10-05,"清和電子工業株式会社",,301,"大阪府","大阪市浪速区","日本橋西２丁目８番３号",,27,111,5560004,,,,,,,2015-10-05,1,,,,,"セイワデンシコウギョウ",0
1216,5120001064762,01,1,2022-10-31,2015-10-05,"株式会社ジェムインダストリーズ",,301,"大阪府","大阪市北区","与力町１番５号",,27,127,5300036,,,,,,,2015-10-05,1,"JEM INDUSTRIES CORP.","Osaka","1-5 Yorikimachi, Kita ku, Osaka city",,"ジェムインダストリーズ",0
1217,5120001066362,01,1,2022-10-31,2015-10-05,"ダイニチ株式会社",,301,"大阪府","大阪市北区","同心１丁目８番２８号",,27,127,5300035,,,,,,,2015-10-05,1,,,,,"ダイニチ",0
1218,5120001107488,01,1,2022-10-31,2015-10-05,"株式会社キョクトウ・アソシエイツ",,301,"大阪府","大阪市西区","江戸堀１丁目９番６号",,27,106,5500002,,,,,,,2015-10-05,0,"KYOKUTO ASSOCIATES Co., Ltd.","Osaka","1-9-6, Edobori, Nishi ku Osaka shi",,"キョクトウアソシエイツ",0
1219,5120001107488,12,1,2022-10-31,2019-01-08,"株式会社キョクトウ・アソシエイツ",,301,"東京都","江東区","冬木１１番１７号",,13,108,1350041,,,,,,,2015-10-05,0,"KYOKUTO ASSOCIATES Co., Ltd.","Tokyo","11-17,Fuyuki, Koto ku",,"キョクトウアソシエイツ",0
1220,5120001107488,11,1,2022-10-31,2019-01-10,"日本ノート株式会社",,301,"東京都","江東区","冬木１１番１７号",,13,108,1350041,,,,,,,2015-10-05,1,"Nippon Notebook Corporation","Tokyo","11-17,Fuyuki, Koto ku",,"ニッポンノート",0
1221,5120001199022,12,0,2022-10-31,2022-10-26,"賦橋株式会社",,301,"兵庫県","神戸市北区","筑紫が丘２丁目１１－１２",,28,109,6511212,,,,,,,2016-06-23,1,,,,,"フジョウ",0
1222,5120001231180,12,0,2022-10-31,2022-10-26,"ＯＮＷＥＬＬ　ＪＰ株式会社",,301,"大阪府","大阪市中央区","平野町３丁目１－８",,27,128,5410046,,,,,,,2020-08-21,1,,,,,"オンウェルジェーピー",0
1223,5120001235594,01,1,2022-10-31,2021-03-03,"パナソニックインダストリー株式会社",,301,"大阪府","門真市","大字門真１００６番地",,27,223,5710050,,,,,,,2021-03-03,0,,,,,,0
1224,5120001235594,71,1,2022-10-31,2022-04-01,"パナソニックインダストリー株式会社",,301,"大阪府","門真市","大字門真１００６番地",,27,223,5710050,,,,,,"令和４年４月１日京都府京田辺市大住浜５５番１２パナソニックデバイス日東株式会社（9130001038860）を合併令和４年４月１日佐賀県杵島郡大町町大字福母２１７番地パナソニック　デバイス佐賀株式会社（9300001005083）を合併",2021-03-03,1,,,,,,0
1225,5120001249784,01,0,2022-10-31,2022-10-31,"株式会社フクレイ",,301,"大阪府","大阪市生野区","勝山北２丁目４番２１号",,27,116,5440033,,,,,,,2022-10-31,1,,,,,"フクレイ",0
1226,5120001249834,01,0,2022-10-31,2022-10-31,"株式会社ＢＷ",,301,"大阪府","大阪市中央区","高津２丁目１番８号",,27,128,5420072,,,,,,,2022-10-31,1,,,,,"ビーダブリュー",0
1227,5120001249842,01,0,2022-10-31,2022-10-31,"株式会社ＴＭＨホールディングス",,301,"大阪府","大阪市西区","靭本町一丁目４番１６号",,27,106,5500000,,,,,,,2022-10-31,1,,,,,"ティーエムエッチホールディングス",0
1228,5120001249850,01,0,2022-10-31,2022-10-31,"株式会社ジャストライトサービス",,301,"大阪府","大阪市東淀川区","大桐４丁目４番６７－Ａ３０１号",,27,114,5330011,,,,,,,2022-10-31,1,,,,,"ジャストライトサービス",0
1229,5120001249859,01,0,2022-10-31,2022-10-31,"株式会社トライプラス",,301,"大阪府","大阪市鶴見区","今津中１丁目３番２０号",,27,124,5380042,,,,,,,2022-10-31,1,,,,,"トライプラス",0
1230,5120001249891,01,0,2022-10-31,2022-10-31,"Ｃｏｎ　Ｆｏｒｃｅ株式会社",,301,"大阪府","大阪市北区","天満１丁目１番１０号",,27,127,5300043,,,,,,,2022-10-31,1,,,,,"コンフォース",0
1231,5120001249900,01,0,2022-10-31,2022-10-31,"株式会社ＡＡ",,301,"大阪府","大阪市中央区","西心斎橋１丁目６番２２号大石ビル",,27,128,5420086,,,,,,,2022-10-31,1,,,,,"エーエー",0
1232,5120003022727,01,0,2022-10-31,2022-10-31,"合同会社ポーポーインベストメント",,305,"大阪府","大阪市城東区","鴫野東２丁目１９番１６号",,27,118,5360013,,,,,,,2022-10-31,1,,,,,"ポーポーインベストメント",0
1233,5120005013971,12,0,2022-10-31,2022-10-28,"佐竹化学機械工業労働組合",,399,"大阪府","守口市","東光町２丁目１８番８号佐竹マルチミクス株式会社大阪事業所内",,27,209,5700035,,,,,,,2015-10-05,0,,,,,"サタケカガクキカイコウギョウ",0
1234,5120005013971,11,0,2022-10-31,2022-10-28,"佐竹マルチミクス労働組合",,399,"大阪府","守口市","東光町２丁目１８番８号佐竹マルチミクス株式会社大阪事業所内",,27,209,5700035,,,,,,,2015-10-05,1,,,,,"サタケマルチミクス",0
1235,5120101023478,12,0,2022-10-31,2022-10-27,"株式会社エス・ティー・サービス",,301,"大阪府","堺市西区","築港新町３丁１番地",,27,144,5928331,,,,,,,2015-10-05,1,,,,,"エスティーサービス",0
1236,5120101049226,01,1,2022-10-31,2015-10-05,"株式会社カワモト",,301,"大阪府","和泉市","緑ケ丘２丁目２３番１号",,27,219,5941155,,,,,,,2015-10-05,1,,,,,"カワモト",0
1237,5120102013767,01,1,2022-10-31,2015-10-05,"有限会社ミツ・トレーディング",,302,"大阪府","堺市南区","釜室８９０番地５",,27,145,5900122,,,,,,,2015-10-05,1,,,,,"ミツトレーディング",0
1238,5130001000782,12,0,2022-10-31,2022-10-24,"株式会社小山製作所",,301,"京都府","京都市南区","上鳥羽川端町２８９番地",,26,107,6018171,,,,,,,2015-10-05,1,,,,,"コヤマセイサクショ",0
1239,5130001012530,01,1,2022-10-31,2015-10-05,"株式会社喜多工務店",,301,"京都府","京都市山科区","大塚南溝町２０番地５７",,26,110,6078131,,,,,,,2015-10-05,1,,,,,"キタコウムテン",0
1240,5130001035845,01,1,2022-10-31,2015-10-05,"光浩建設株式会社",,301,"京都府","亀岡市","馬路町小米田１番地の１１",,26,206,6210008,,,,,,,2015-10-05,1,,,,,"ミツコウケンセツ",0
1241,5130001043278,12,0,2022-10-31,2022-10-24,"株式会社英里奈",,301,"京都府","舞鶴市","南浜町２７番地５",,26,202,6250057,,,,,,,2015-10-05,1,,,,,"エリナ",0
1242,5130001049845,01,1,2022-10-31,2015-10-05,"株式会社浜野教材社",,301,"京都府","京田辺市","田辺道場６０番地の３",,26,211,6100331,,,,,,,2015-10-05,1,,,,,"ハマノキョウザイシャ",0
1243,5130001056783,12,0,2022-10-31,2022-10-24,"株式会社エコノシスデザイン",,301,"京都府","京都市中京区","上一文字町２８５ＭＯＮビルディング",,26,104,6048325,,,,,,,2016-02-03,1,,,,,"エコノシスデザイン",0
1244,5130005002742,01,1,2022-10-31,2015-10-05,"公益財団法人祇園祭山鉾連合会",00038902,399,"京都府","京都市中京区","室町通蛸薬師下る山伏山町５５４番地",00038903,26,104,6048156,,,,,,,2015-10-05,0,,,,,"ギオンマツリヤマホコレンゴウカイ",0
1245,5130005002742,12,1,2022-10-31,2022-10-20,"公益財団法人祇園祭山鉾連合会",00038902,399,"京都府","京都市下京区","高辻通室町西入る繁昌町２９０番地",,26,106,6000000,,,,,,,2015-10-05,1,,,,,"ギオンマツリヤマホコレンゴウカイ",0
1246,5140001073943,01,1,2022-10-31,2015-10-05,"株式会社ああす",,301,"兵庫県","西宮市","小松東町３丁目３番４３号小松東ビル３０１",,28,204,6638123,,,,,,,2015-10-05,1,,,,,"アアス",0
1247,5140001074000,01,1,2022-10-31,2015-10-05,"株式会社らずべりい",,301,"兵庫県","西宮市","六軒町１番４０号",,28,204,6620874,,,,,,,2015-10-05,1,,,,,"ラズベリイ",0
1248,5140001103808,12,0,2022-10-31,2022-10-26,"株式会社神戸港開発",,301,"兵庫県","洲本市","金屋３２９番地１スイートムイダカ１０１号",,28,205,6560046,,,,,,,2016-10-21,1,,,,,"コウベミナトカイハツ",0
1249,5140001127831,01,0,2022-10-31,2022-10-31,"株式会社ＡＰＭ",,301,"兵庫県","尼崎市","尾浜町１丁目３１番２６号３Ｆ",,28,202,6610022,,,,,,,2022-10-31,1,,,,,"エーピーエム",0
1250,5140001127864,01,0,2022-10-31,2022-10-31,"株式会社リール",,301,"兵庫県","尼崎市","椎堂１丁目２２番２９号",,28,202,6610952,,,,,,,2022-10-31,1,,,,,"リール",0
1251,5140002029960,01,1,2022-10-31,2015-10-05,"有限会社山村建設工事",,302,"兵庫県","明石市","藤が丘１丁目３８番１９号",,28,203,6730046,,,,,,,2015-10-05,1,,,,,"ヤマムラケンセツコウジ",0
1252,5140005023028,01,1,2022-10-31,2016-06-28,"特定非営利活動法人堂池地区ため池協議会",,399,"兵庫県","高砂市","北浜町西浜１２１２番地の４０",,28,216,6710123,,,,,,,2016-06-28,1,,,,,"ドウイケチクタメイケキョウギカイ",0
1253,5150001025910,01,0,2022-10-31,2022-10-31,"株式会社松縁",,301,"奈良県","大和郡山市","池之内町４６２番地",,29,203,6391027,,,,,,,2022-10-31,1,,,,,"ショウエン",0
1254,5160001002512,01,1,2022-10-31,2015-10-05,"株式会社秀月",,301,"滋賀県","大津市","月輪３丁目６２番１号",,25,201,5202152,,,,,,,2015-10-05,1,,,,,"シュウゲツ",0
1255,5180001038686,01,1,2022-10-31,2015-10-05,"東都鋼材株式会社",,301,"愛知県","名古屋市中区","千代田１丁目１５番１０号",,23,106,4600012,,,,,,,2015-10-05,1,,,,,"トウトコウザイ",0
1256,5180001053603,21,0,2022-10-31,2022-10-24,"株式会社ダイサンテック",,301,"愛知県","名古屋市北区","下飯田町１丁目３０番地",,23,103,4620865,,,2022-10-24,01,,,2015-10-05,1,,,,,"ダイサンテック",0
1257,5180001072470,01,1,2022-10-31,2015-10-05,"清風株式会社",,301,"愛知県","名古屋市中村区","賑町１５番地の１",,23,105,4530025,,,,,,,2015-10-05,1,,,,,"セイフウ",0
1258,5180001073238,01,1,2022-10-31,2015-10-05,"株式会社ウラヤマ",,301,"愛知県","名古屋市東区","葵２丁目３番２２号",,23,102,4610004,,,,,,,2015-10-05,1,,,,,"ウラヤマ",0
1259,5180001122721,12,0,2022-10-31,2022-10-27,"株式会社Ｃｅｎｔｒａｌ　ｃｏｎｎｅｃｔｉｏｎ",,301,"愛知県","名古屋市中川区","中島新町４丁目４０８番地",,23,110,4540932,,,,,,,2016-04-07,1,,,,,"セントラルコネクション",0
1260,5180001124726,12,0,2022-10-31,2022-10-26,"犬山国際人財株式会社",,301,"愛知県","犬山市","大字犬山字西三条１３番地１",,23,215,4840081,,,,,,,2016-09-07,1,,,,,,0
1261,5180001137174,12,0,2022-10-31,2022-10-26,"株式会社総合健康技術研究所",,301,"愛知県","名古屋市中区","松原３丁目７－１５",,23,106,4600017,,,,,,,2019-09-02,1,,,,,"ソウゴウケンコウギジュツケンキュウジョ",0
1262,5180001138288,12,0,2022-10-31,2022-10-21,"株式会社条将",,301,"愛知県","名古屋市昭和区","広路町字南山６８番地",,23,107,4660834,,,,,,,2019-10-08,1,,,,,"ジョウショウ",0
1263,5180001152297,12,0,2022-10-31,2022-10-24,"株式会社ｅｆｆｉｃｉｅｎｔ",,301,"愛知県","名古屋市中区","丸の内３丁目１９－２３第５ＦＰＳビル９階",,23,106,4600002,,,,,,,2022-07-27,1,,,,,"エフィシェント",0
1264,5180001153519,01,0,2022-10-31,2022-10-31,"株式会社ＯｖｅｒＷｒｉｔｅ",,301,"愛知県","名古屋市熱田区","伝馬３丁目８番８号（アジュール伝馬町１００３号）",,23,109,4560034,,,,,,,2022-10-31,1,,,,,"オーバーライト",0
1265,5180001153568,01,0,2022-10-31,2022-10-31,"株式会社ＤＫヤマモト",,301,"愛知県","名古屋市南区","呼続３丁目１０番１９号",,23,112,4570014,,,,,,,2022-10-31,1,,,,,"ディーケーヤマモト",0
1266,5180002012921,01,1,2022-10-31,2015-10-05,"有限会社山本コーキング",,302,"愛知県","名古屋市北区","浪打町１丁目３７番地の５３",,23,103,4620041,,,,,,,2015-10-05,1,,,,,"ヤマモトコーキング",0
1267,5180002058691,21,0,2022-10-31,2022-10-24,"有限会社東海ジオリサーチ",,302,"愛知県","名古屋市名東区","社台３丁目２１２番地の１",,23,115,4650092,,,2022-10-24,01,,,2015-10-05,1,,,,,"トウカイジオリサーチ",0
1268,5180002076826,01,1,2022-10-31,2015-10-05,"有限会社大洋造園土木",,302,"愛知県","一宮市","北今字西田面二ノ切５１番地１",,23,203,4940004,,,,,,,2015-10-05,1,,,,,"タイヨウゾウエンドボク",0
1269,5180003011402,21,0,2022-10-31,2022-10-25,"宏進毛織合資会社",,304,"愛知県","一宮市","萩原町萩原３０２９番地の１",,23,203,4910353,,,2022-10-25,01,,,2015-10-05,1,,,,,"コウシンケオリ",0
1270,5180003022110,21,0,2022-10-31,2022-10-25,"合同会社ブルーノ",,305,"愛知県","知多郡東浦町","大字生路字折戸２８番地の１０",,23,442,4702104,,,2022-10-25,01,,,2021-02-08,1,,,,,"ブルーノ",0
1271,5180301036761,01,0,2022-10-31,2022-10-31,"株式会社ＲＣ",,301,"愛知県","碧南市","伊勢町１丁目１００番地",,23,209,4470837,,,,,,,2022-10-31,1,,,,,"アールシー",0
1272,5180302018230,01,1,2022-10-31,2015-10-05,"小林電気有限会社",,302,"愛知県","刈谷市","新富町１丁目５０３番地",,23,210,4480045,,,,,,,2015-10-05,1,,,,,"コバヤシデンキ",0
1273,5190005000947,01,1,2022-10-31,2015-10-05,"唯信寺",,399,"三重県","津市","森町１２３番地",,24,201,5141254,,,,,,,2015-10-05,1,,,,,"ユイシンジ",0
1274,5200001011095,01,1,2022-10-31,2015-10-05,"株式会社ジマ",,301,"岐阜県","羽島市","福寿町平方３丁目３２番地",,21,209,5016257,,,,,,,2015-10-05,1,,,,,"ジマ",0
1275,5200001021508,01,1,2022-10-31,2015-10-05,"株式会社ヒスイ",,301,"岐阜県","土岐市","肥田町肥田２０９４番地の１",,21,212,5095115,,,,,,,2015-10-05,1,,,,,"ヒスイ",0
1276,5200002008925,01,1,2022-10-31,2015-10-05,"有限会社那由多機材",,302,"岐阜県","岐阜市","柳津町高桑５丁目２９番地",,21,201,5016122,,,,,,,2015-10-05,1,,,,,"ナユタキザイ",0
1277,5200002019690,01,1,2022-10-31,2015-10-05,"有限会社会本工機加藤",,302,"岐阜県","関市","迫間２４０９番地３",,21,205,5013924,,,,,,,2015-10-05,1,,,,,,0
1278,5230005009265,01,0,2022-10-31,2022-10-31,"一般社団法人ＲＩＫＵＹＯＵ",,399,"富山県","高岡市","福岡町福岡１２１０番地",,16,202,9390111,,,,,,,2022-10-31,1,,,,,"リクヨウ",0
1279,5240001024218,01,1,2022-10-31,2015-10-05,"広建ウォール株式会社",,301,"広島県","広島市安佐南区","大町東１丁目１０番２０－１１０７号",,34,105,7310124,,,,,,,2015-10-05,1,,,,,"ヒロケンウォール",0
1280,5240001029092,01,1,2022-10-31,2015-10-05,"株式会社ＳＰサービス",,301,"広島県","東広島市","八本松東２丁目２１－４",,34,212,7390142,,,,,,,2015-10-05,1,,,,,,0
1281,5240001043283,01,1,2022-10-31,2015-10-05,"日本エネルギー開発株式会社",,301,"広島県","広島市南区","出島２丁目１番１３号",,34,103,7340013,,,,,,,2015-10-05,1,,,,,"ニホンエネルギーカイハツ",0
1282,5240001054909,12,0,2022-10-31,2022-10-27,"株式会社ゆかし",,301,"広島県","広島市東区","戸坂大上４丁目２４番２９号",,34,102,7320014,,,,,,,2019-09-04,1,,,,,"ユカシ",0
1283,5240002045270,01,1,2022-10-31,2015-10-05,"有限会社ＷＲＥＣＫ",,302,"広島県","福山市","笠岡町４番１８号",,34,207,7200044,,,,,,,2015-10-05,1,,,,,"レック",0
1284,5260002032969,21,0,2022-10-31,2022-10-28,"有限会社田辺設計事務所",,302,"岡山県","玉野市","玉原２丁目３番２８号",,33,204,7060014,,,2022-10-28,01,,,2015-10-05,1,,,,,"タナベセッケイジムショ",0
1285,5280001000363,01,1,2022-10-31,2015-10-05,"株式会社慈眼",,301,"島根県","松江市","八雲台２丁目１４番１５号",,32,201,6900014,,,,,,,2015-10-05,1,,,,,"ジガン",0
1286,5280002004529,21,0,2022-10-31,2022-10-27,"有限会社足立建築工務店",,302,"島根県","安来市","西赤江町５００番地",,32,206,6920003,,,2022-10-27,01,,,2015-10-05,1,,,,,"アダチケンチクコウムテン",0
1287,5290001099354,01,0,2022-10-31,2022-10-31,"株式会社ＦＲＡＭＥＷＯＲＫ",,301,"福岡県","福岡市博多区","祇園町６－２６",,40,132,8120038,,,,,,,2022-10-31,1,,,,,"フレームワーク",0
1288,5290001099362,01,0,2022-10-31,2022-10-31,"株式会社ＬｉＬｉａｌ",,301,"福岡県","福岡市博多区","竹下５丁目７番１７－１１０３号リーベスト竹下駅前",,40,132,8120895,,,,,,,2022-10-31,1,,,,,"リリアル",0
1289,5290001099370,01,0,2022-10-31,2022-10-31,"民間救急サービス九州桃梨株式会社",,301,"福岡県","太宰府市","宰府５丁目２６番１７号パディ・ハウス三浦２‐１０３号",,40,221,8180117,,,,,,,2022-10-31,1,,,,,"ミンカンキュウキュウサービスキュウシュウトウリ",0
1290,5290003013115,01,0,2022-10-31,2022-10-31,"合同会社縁",,305,"福岡県","福岡市博多区","比恵町１０番３２－１０１号",,40,132,8120014,,,,,,,2022-10-31,1,,,,,"エニシ",0
1291,5310002005192,01,1,2022-10-31,2015-10-05,"有限会社ラムダ",,302,"長崎県","長崎市","万屋町１番９号",,42,201,8500852,,,,,,,2015-10-05,1,,,,,"ラムダ",0
1292,5330002008937,01,1,2022-10-31,2015-10-05,"有限会社ファミリー徳永",00097667,302,"熊本県","熊本市東区","健軍２丁目２１番１０号",,43,102,8620911,,,,,,,2015-10-05,1,,,,,"ファミリートクナガ",0
1293,5330002018556,01,1,2022-10-31,2015-10-05,"有限会社晴健坂本",,302,"熊本県","山鹿市","保多田３６４番地",,43,208,8610544,,,,,,,2015-10-05,1,,,,,"セイケンサカモト",0
1294,5340001019587,01,1,2022-10-31,2016-08-17,"株式会社中屋畜産",,301,"鹿児島県","出水市","高尾野町江内４０６１番地",,46,208,8990407,,,,,,,2016-08-17,0,,,,,"ナカヤチクサン",0
1295,5340001019587,12,1,2022-10-31,2022-10-26,"株式会社中屋畜産",,301,"鹿児島県","出水市","高尾野町江内３８９２番地１",,46,208,8990407,,,,,,,2016-08-17,1,,,,,"ナカヤチクサン",0
1296,5360001027043,11,0,2022-10-31,2022-10-12,"小川商事株式会社",,301,"沖縄県","那覇市","久茂地２丁目２２番１２号久茂地ＵＦビル６０１号",,47,201,9000015,,,,,,,2020-04-07,1,,,,,"オガワショウジ",0
1297,5360003009824,12,0,2022-10-31,2022-10-20,"合同会社Ｈａｉｓａｉ",,305,"沖縄県","中頭郡北中城村","字喜舎場３８５－１",,47,327,9012311,,,,,,,2019-10-10,1,,,,,"ハイサイ",0
1298,5370001018925,01,1,2022-10-31,2015-10-05,"株式会社共同保険サービス",,301,"宮城県","仙台市青葉区","大町１丁目４番７号",,04,101,9800804,,,,,,,2015-10-05,1,,,,,,0
1299,5370001021978,01,1,2022-10-31,2015-10-05,"株式会社センコン・デルタ",,301,"宮城県","仙台市泉区","泉中央１丁目７番１号",,04,105,9813133,,,,,,,2015-10-05,0,,,,,"センコンデルタ",0
1300,5370001021978,12,1,2022-10-31,2020-10-29,"株式会社センコン・デルタ",,301,"宮城県","仙台市青葉区","中央３丁目１番１号",,04,101,9800021,,,,,,,2015-10-05,0,,,,,"センコンデルタ",0
1301,5370001021978,11,1,2022-10-31,2020-10-29,"株式会社ＤＥＬＴＡ東北",,301,"宮城県","仙台市青葉区","中央３丁目１番１号",,04,101,9800021,,,,,,,2015-10-05,1,,,,,,0
1302,5370001022308,01,1,2022-10-31,2015-10-05,"ＷＩＤＥ　ＮＥＸＴ株式会社",,301,"宮城県","仙台市青葉区","大町１丁目２番２３号",,04,101,9800804,,,,,,,2015-10-05,1,,,,,"ワイドネクスト",0
1303,5370001045853,01,1,2022-10-31,2020-06-23,"株式会社ＧＲＯＷＩＮＧ",,301,"宮城県","仙台市太白区","富田字京ノ北１１４番地（５４Ｂ－４Ｌ）シャーメゾンヴェルディ１０３",,04,104,9820033,,,,,,,2020-06-23,0,,,,,"グローイング",0
1304,5370001045853,12,1,2022-10-31,2021-04-28,"株式会社ＧＲＯＷＩＮＧ",,301,"宮城県","宮城郡利府町","中央１丁目１３番４号ラ・フォーレ錦１Ｆ",,04,406,9810104,,,,,,,2020-06-23,1,,,,,"グローイング",0
1305,5380001006243,01,1,2022-10-31,2015-10-05,"株式会社花喜",,301,"福島県","郡山市","田村町上行合字南川田４７番地の１２",,07,203,9630724,,,,,,,2015-10-05,1,,,,,"ハナキ",0
1306,5380001026786,12,0,2022-10-31,2022-10-26,"株式会社ヒロ住装",,301,"福島県","福島市","御山字鉄砲畑１番地の２３",,07,201,9608252,,,,,,,2016-04-21,1,,,,,"ヒロジュウソウ",0
1307,5380001030020,12,0,2022-10-31,2022-10-27,"株式会社アプロス",,301,"福島県","会津若松市","中央１丁目１番３４－１３０２号",,07,202,9650037,,,,,,,2019-05-17,1,,,,,"アプロス",0
1308,5380002024104,01,1,2022-10-31,2015-10-05,"有限会社下川荘アンド照島",,302,"福島県","いわき市","佐糠町八反田１００番地の２",,07,204,9748223,,,,,,,2015-10-05,1,,,,,"シモガワソウアンドテルシマ",0
1309,5380002026496,01,1,2022-10-31,2015-10-05,"有限会社矢吹工務店",,302,"福島県","いわき市","内郷宮町鬼ケ沢１００番地の１３３",,07,204,9738407,,,,,,,2015-10-05,1,,,,,"ヤブキコウムテン",0
1310,5380003002232,01,1,2022-10-31,2015-10-05,"東北清興株式会社",,301,"福島県","郡山市","田村町山中字鬼越３１６番地の１",,07,203,9631162,,,,,,,2015-10-05,1,,,,,"トウホクセイコウ",0
1311,5380005002833,01,1,2022-10-31,2015-10-05,"医療法人宣誠会",,399,"福島県","郡山市","本町２丁目１０番１１号",,07,203,9638871,,,,,,,2015-10-05,1,,,,,"センセイカイ",0
1312,5400601000007,21,0,2022-10-31,2022-10-26,"株式会社アスカ・コンサルティング",,301,"岩手県","奥州市","水沢袋町７番１４号",,03,215,0230814,,,2022-10-26,01,,,2015-10-05,1,,,,,"アスカコンサルティング",0
1313,5410002010100,12,0,2022-10-31,2022-10-24,"浅野商事有限会社",,302,"神奈川県","横浜市中区","かもめ町２７番地",,14,104,2310813,,,,,,,2015-10-05,1,,,,,"アサノショウジ",0
1314,5420005003546,12,0,2022-10-31,2022-10-25,"社会福祉法人厚生会",,399,"青森県","北津軽郡鶴田町","大字山道字小泉２７０番地",,02,384,0383515,,,,,,,2015-10-05,1,,,,,"コウセイカイ",0
1315,5430001012756,01,1,2022-10-31,2015-10-05,"日正工業株式会社",,301,"北海道","札幌市東区","東苗穂一条３丁目１番６０号",,01,103,0070801,,,,,,,2015-10-05,0,,,,,"ニッセイコウギョウ",0
1316,5430001012756,12,1,2022-10-31,2022-10-20,"日正工業株式会社",,301,"北海道","札幌市北区","太平九条４丁目９番３号",,01,102,0028009,,,,,,,2015-10-05,1,,,,,"ニッセイコウギョウ",0
1317,5430001051085,01,1,2022-10-31,2015-10-05,"北海道環境衛生株式会社",,301,"北海道","余市郡余市町","美園町３０３番地４",,01,408,0460014,,,,,,,2015-10-05,0,,,,,"ホッカドウカンキョウエイセイ",0
1318,5430001051085,12,1,2022-10-31,2022-10-20,"北海道環境衛生株式会社",,301,"北海道","余市郡余市町","大川町１５丁目６番地１",,01,408,0460004,,,,,,,2015-10-05,1,,,,,"ホッカドウカンキョウエイセイ",0
1319,5430001052216,12,0,2022-10-31,2022-10-18,"ニセコ東急リゾート株式会社",,301,"北海道","虻田郡倶知安町","ニセコひらふ一条４丁目５番１８号",,01,400,0440080,,,,,,,2015-10-05,0,,,,,"ニセコトウキュウリゾート",0
1320,5430001052216,12,0,2022-10-31,2022-10-18,"ニセコ東急リゾート株式会社",,301,"北海道","虻田郡倶知安町","ニセコひらふ一条２丁目９番１号",,01,400,0440080,,,,,,,2015-10-05,1,,,,,"ニセコトウキュウリゾート",0
1321,5430001061753,01,1,2022-10-31,2015-10-05,"株式会社ピーエム・フュージョン",,301,"北海道","札幌市白石区","本通１３丁目北２番３５号",,01,104,0030027,,,,,,,2015-10-05,1,,,,,"ピーエムフュージョン",0
1322,5460002002308,01,1,2022-10-31,2015-10-05,"有限会社八松庵",,302,"北海道","釧路市","武佐３丁目１０番１号",,01,206,0850806,,,,,,,2015-10-05,1,,,,,"ハッショウアン",0
1323,5470001009311,01,1,2022-10-31,2015-10-05,"株式会社アルファ企画",,301,"香川県","坂出市","大屋冨町２０６４番地１",,37,203,7620015,,,,,,,2015-10-05,1,,,,,"アルファキカク",0
1324,5490001009326,12,0,2022-10-31,2022-10-21,"株式会社明宝",,301,"高知県","高知市","塩田町１４番２６号２０３号",,39,201,7800065,,,,,,,2019-07-17,1,,,,,"メイホウ",0
1325,5490005000248,21,0,2022-10-31,2022-10-24,"一般財団法人宮内女学院",,399,"高知県","高知市","はりまや町１丁目４番１８号",,39,201,7800822,,,2022-10-24,01,,,2015-10-05,1,,,,,"ミヤウチジョガクイン",0
1326,5700150001276,11,0,2022-10-31,2021-12-31,"Ａｎａｌａｎ　ＬＬＰ",,401,"東京都","千代田区","霞が関３丁目２－６東京倶楽部ビルディング６階",,13,101,1000013,"Ｏｎｅ　Ｌｉｍｅ　Ｓｔｒｅｅｔ　Ｌｏｎｄｏｎ　ＥＣ３Ｍ　７ＨＡ　ＵＫ",,,,,,2015-10-09,1,,,,,"アンアランエルエルピー",0
1327,5700150001425,11,0,2022-10-31,2021-12-31,"Ａｓｐｌｉｎｓ　ＵＴＧ　Ｌｉｍｉｔｅｄ",,401,"東京都","千代田区","霞が関３丁目２－６東京倶楽部ビルディング６階",,13,101,1000013,"Ｏｎｅ　Ｌｉｍｅ　Ｓｔｒｅｅｔ　Ｌｏｎｄｏｎ　ＥＣ３Ｍ　７ＨＡ　ＵＫ",,,,,,2015-10-09,1,,,,,"アスプリンスアンダーライテイングリミテツド",0
1328,5700150101464,12,0,2022-10-31,2022-08-17,"ＬＡＫＳＨＡＮ　ＡＵＴＯ　ＰＡＲＴＳ",,401,"千葉県","山武郡横芝光町","栗山４１９５番地２１",,12,410,2891733,"スリランカ民主社会主義共和国、ナドゥンガムワサプマルヤナ１６２",,,,,,2020-12-21,1,,,,,"ラクシヤンオートパーツ",0
1329,5700150110515,01,0,2022-10-31,2022-06-28,"アホウキ芸術協会",,499,"神奈川県","横浜市港北区","大曽根３丁目２１－１５－４０１",,14,109,2220003,,,,,,,2022-06-28,1,,,,,"アホウキゲイジユツキヨウカイ",0
1330,5700150112255,01,0,2022-10-31,2022-10-26,"分子科学会",,499,"東京都","新宿区","山吹町３５８－５アカデミーセンター",,13,104,1620801,,,,,,,2022-10-26,1,,,,,"ブンシカガクカイ",0
1331,6010001140326,01,1,2022-10-31,2015-10-05,"株式会社ＢＣＬ",,301,"東京都","千代田区","麹町５丁目３",,13,101,1020083,,,,,,,2015-10-05,1,,,,,"ビーシーエル",0
1332,6010001157163,12,0,2022-10-31,2022-10-27,"株式会社成道",,301,"東京都","千代田区","麹町２丁目４－１０－２Ｆ",,13,101,1020083,,,,,,,2015-10-05,1,,,,,"セイドウ",0
1333,6010001175792,01,1,2022-10-31,2016-05-23,"株式会社ＲＯ",,301,"東京都","千代田区","九段北１丁目９番１４－３０１号",,13,101,1020073,,,,,,,2016-05-23,0,,,,,"アールオー",0
1334,6010001175792,12,0,2022-10-31,2022-10-27,"株式会社ＲＯ",,301,"東京都","豊島区","池袋２丁目６３番１号メゾン醍醐５０１",,13,116,1710014,,,,,,,2016-05-23,1,,,,,"アールオー",0
1335,6010001199577,12,0,2022-10-31,2022-10-20,"トーン株式会社",,301,"東京都","千代田区","内神田３丁目２４－４－７０１",,13,101,1010047,,,,,,,2019-03-28,1,,,,,"トーン",0
1336,6010001212918,12,0,2022-10-31,2022-10-27,"株式会社星",,301,"東京都","港区","南青山２丁目２－１５ウイン青山１４１３室",,13,103,1070062,,,,,,,2020-10-14,1,,,,,"ホシ",0
1337,6010001219855,12,0,2022-10-31,2022-10-26,"にっぽんインキュベーション株式会社",,301,"東京都","中央区","晴海３丁目１０番１号",,13,102,1040053,,,,,,,2021-07-21,1,,,,,"ニッポンインキュベーション",0
1338,6010001227908,12,0,2022-10-31,2022-10-25,"株式会社Ｌｉｎｏ",,301,"東京都","中央区","晴海３丁目１３番１号ＤＥＵＸＴＯＵＲＳＣＡＮＡＬ＆ＳＰＡ、Ｅ４５１０",,13,102,1040053,,,,,,,2022-07-07,1,,,,,"リノ",0
1339,6010003013281,21,0,2022-10-31,2022-10-25,"合同会社オフィスＤ＆Ｄ",,305,"東京都","千代田区","神田小川町３丁目６番地８",,13,101,1010052,,,2022-10-25,01,,,2015-10-05,1,,,,,"オフィスディーアンドディー",0
1340,6010003019997,12,0,2022-10-31,2022-10-18,"Ｓｅｌｅｃｔ　Ｊａｐａｎ合同会社",,305,"東京都","千代田区","丸の内１丁目９番２号グラントウキョウサウスタワー９階ＡＰアウトソーシング株式会社気付",,13,101,1000005,,,,,,,2015-10-05,1,,,,,"セレクトジャパン",0
1341,6010005015268,01,1,2022-10-31,2015-10-05,"特定非営利活動法人カイタークス国際文化支援基金",,399,"東京都","千代田区","神田佐久間町２丁目７番地第６東ビル６０３",,13,101,1010025,,,,,,,2015-10-05,0,,,,,"カイタークスコクサイブンカシエンキキン",0
1342,6010005015268,12,1,2022-10-31,2020-11-20,"特定非営利活動法人カイタークス国際文化支援基金",,399,"東京都","千代田区","神田佐久間町２丁目７番地第６東ビル５０６",,13,101,1010025,,,,,,,2015-10-05,1,,,,,"カイタークスコクサイブンカシエンキキン",0
1343,6010005032016,21,0,2022-10-31,2022-10-28,"リニューアブルインフラホールディングス一般社団法人",,399,"東京都","千代田区","九段南３丁目７番７号成和綜合会計事務所内",,13,101,1020074,,,2022-10-28,01,,,2020-07-10,1,,,,,"リニューアブルインフラホールディングス",0
1344,6010401008858,01,1,2022-10-31,2015-10-05,"株式会社クラフトーン",,301,"東京都","港区","赤坂９丁目１番７号",,13,103,1070052,,,,,,,2015-10-05,1,,,,,"クラフトーン",0
1345,6010401024161,12,0,2022-10-31,2022-10-25,"ハンド株式会社",,301,"神奈川県","相模原市緑区","上九沢３１１－３",,14,151,2520136,,,,,,,2015-10-05,1,,,,,"ハンド",0
1346,6010401137938,12,0,2022-10-31,2022-10-26,"株式会社ＭＡＡＲＫ",,301,"宮城県","仙台市青葉区","本町１丁目５番２８号カーニープレイス仙台駅前通６０３号室",,04,101,9800014,,,,,,,2018-04-20,1,,,,,"マールク",0
1347,6010401148159,12,0,2022-10-31,2022-10-13,"Ｓｍａｒｔｅｃｈ　Ｊａｐａｎ株式会社",,301,"東京都","港区","赤坂１丁目１１番４４号赤坂インターシティ５階Ｍａｚａｒｓ・Ｊａｐａｎ株式会社内",,13,103,1070052,,,,,,,2019-09-20,1,,,,,"スマーテックジャパン",0
1348,6010401170402,01,0,2022-10-31,2022-10-31,"ブラウンフォーマンジャパン株式会社",,301,"東京都","港区","芝公園１丁目６番７号住友不動産ランドマークプラザ９階",,13,103,1050011,,,,,,,2022-10-31,1,,,,,"ブラウンフォーマンジャパン",0
1349,6010601062069,01,0,2022-10-31,2022-10-31,"株式会社ＣＹＫＰ",,301,"東京都","墨田区","太平３丁目１１番２号赤井ビル３０３号室",,13,107,1300012,,,,,,,2022-10-31,1,,,,,"シーワイケーピー",0
1350,6010601062077,01,0,2022-10-31,2022-10-31,"株式会社ＨＯＵＳＥ　ＬＡＢＯ",,301,"東京都","墨田区","立川２丁目１１番６号",,13,107,1300023,,,,,,,2022-10-31,1,,,,,"ハウスラボ",0
1351,6010701022880,01,1,2022-10-31,2015-10-05,"ＫＩＹＯ　ＤＥＳＩＧＮ株式会社",,301,"東京都","品川区","東五反田５丁目２８番１１－８０７号",,13,109,1410022,,,,,,,2015-10-05,1,,,,,"キヨデザイン",0
1352,6010701022955,01,1,2022-10-31,2015-10-05,"株式会社ＩＣＭ",,301,"東京都","品川区","北品川３丁目６番１３号サンハイツ６１５号室",,13,109,1400001,,,,,,,2015-10-05,0,,,,,,0
1353,6010701022955,12,1,2022-10-31,2017-05-18,"株式会社ＩＣＭ",,301,"東京都","中央区","新富１丁目６番５号",,13,102,1040041,,,,,,,2015-10-05,1,,,,,,0
1354,6010701043299,12,0,2022-10-31,2022-10-21,"産業リサーチ＆コネクト株式会社",,301,"東京都","品川区","南品川２丁目２－５リードシー南品川ビル２Ｆ",,13,109,1400004,,,,,,,2022-10-06,1,,,,,"サンギョウリサーチアンドコネクト",0
1355,6010801025222,21,0,2022-10-31,2022-10-20,"株式会社光進",,301,"東京都","大田区","中央３丁目３２番１０号",,13,111,1430024,,,2022-10-20,01,,,2015-10-05,1,,,,,"コウシン",0
1356,6010901047711,12,0,2022-10-31,2022-10-24,"株式会社Ｌｏｔｕｓ",,301,"北海道","札幌市東区","北三十条東１０丁目１－７",,01,103,0650030,,,,,,,2020-12-28,1,,,,,"ロータス",0
1357,6010901050723,12,0,2022-10-31,2022-10-26,"株式会社社",,301,"東京都","渋谷区","円山町５番５号Ｎａｖｉ渋谷Ｖ３階",00128298,13,113,1500044,,,,,,,2022-04-20,1,,,,,"ヤシロ",0
1358,6010901051837,01,0,2022-10-31,2022-10-31,"株式会社リルエフォート",,301,"東京都","世田谷区","池尻３丁目１６番２４－３０２号",,13,112,1540001,,,,,,,2022-10-31,1,,,,,"リルエフォート",0
1359,6010901051878,01,0,2022-10-31,2022-10-31,"株式会社ＹＤＫ",,301,"東京都","世田谷区","羽根木１丁目２５番８号",,13,112,1560042,,,,,,,2022-10-31,1,,,,,"ワイディーケー",0
1360,6011001018941,01,1,2022-10-31,2015-10-05,"浜口企画株式会社",,301,"東京都","渋谷区","神宮前１丁目１５番１２号",,13,113,1500001,,,,,,,2015-10-05,1,,,,,"ハマグチキカク",0
1361,6011001040004,01,1,2022-10-31,2015-10-05,"株式会社トライビジョンプロダクト",,301,"東京都","渋谷区","恵比寿西２丁目１番８号",,13,113,1500021,,,,,,,2015-10-05,1,,,,,"トライビジョンプロダクト",0
1362,6011001047841,21,0,2022-10-31,2022-10-12,"株式会社プライムエクシード",,301,"東京都","港区","白金台３丁目１９番５号",,13,103,1080071,,,2022-10-12,01,,,2015-10-05,1,,,,,"プライムエクシード",0
1363,6011001056446,12,0,2022-10-31,2022-10-20,"株式会社ＵＳＢ",,301,"東京都","渋谷区","渋谷２丁目１９番１５号宮益坂ビルディング６０９",,13,113,1500002,,,,,,,2015-10-05,1,,,,,"ユーエスビー",0
1364,6011001057097,12,0,2022-10-31,2022-10-27,"株式会社アイアール",,301,"東京都","港区","虎ノ門４丁目１番９号",,13,103,1050001,,,,,,,2015-10-05,1,,,,,"アイアール",0
1365,6011001135662,12,0,2022-10-31,2022-10-17,"Ｃｏｅｔｏ株式会社",,301,"東京都","渋谷区","桜丘町１８番４号二宮ビル１Ｆ－１３７",,13,113,1500031,,,,,,,2020-09-07,1,,,,,"コエト",0
1366,6011001138335,12,0,2022-10-31,2022-10-25,"株式会社ＥＱＵＡＬ",,301,"東京都","港区","麻布台３丁目４番１８号クリーデンス麻布台２０１",,13,103,1060041,,,,,,,2021-02-03,1,,,,,"イコール",0
1367,6011001150538,01,0,2022-10-31,2022-10-31,"ＹＯＳＨＩ株式会社",,301,"東京都","渋谷区","渋谷２丁目１９－１５宮益坂ビルディング６０９",,13,113,1500002,,,,,,,2022-10-31,1,,,,,"ヨシ",0
1368,6011002019294,01,1,2022-10-31,2015-10-05,"有限会社ヒエイ建物",,302,"東京都","渋谷区","広尾５丁目１９番１号",,13,113,1500012,,,,,,,2015-10-05,0,,,,,"ヒエイタテモノ",0
1369,6011002019294,12,0,2022-10-31,2022-10-26,"有限会社ヒエイ建物",,302,"東京都","八王子市","長房町１３７３番地１",,13,201,1930824,,,,,,,2015-10-05,1,,,,,"ヒエイタテモノ",0
1370,6011002035531,01,1,2022-10-31,2015-10-05,"有限会社ＪＥＥＺＳ",,302,"東京都","渋谷区","神宮前３丁目２７番２３号Ｕビル地下一階",,13,113,1500001,,,,,,,2015-10-05,0,,,,,"ジーザス",0
1371,6011002035531,12,1,2022-10-31,2022-01-26,"有限会社ＪＥＥＺＳ",,302,"東京都","港区","東麻布１丁目９－１１・ＧＲＯＷＴＨ・ＢＹ・ＩＯＱ１３０３号室",,13,103,1060044,,,,,,,2015-10-05,0,,,,,"ジーザス",0
1372,6011002035531,11,1,2022-10-31,2022-02-24,"株式会社Ｄ　ＶＩＬＬＡＧＥ",,301,"東京都","港区","東麻布１丁目９－１１・ＧＲＯＷＴＨ・ＢＹ・ＩＯＱ１３０３号室",,13,103,1060044,,,,,,,2015-10-05,1,,,,,"ディービレッジ",0
1373,6011003005590,12,0,2022-10-31,2022-10-20,"合同会社ｅＮ－ＷＯＲＫＳ",,305,"東京都","目黒区","中町１丁目８番１７号",,13,110,1530065,,,,,,,2015-10-05,1,,,,,,0
1374,6011101019278,01,1,2022-10-31,2015-10-05,"株式会社藤原工業",,301,"東京都","新宿区","若松町６番４号",,13,104,1620056,,,,,,,2015-10-05,0,,,,,"フジワラコウギョウ",0
1375,6011101019278,12,1,2022-10-31,2017-11-01,"株式会社藤原工業",,301,"東京都","新宿区","若松町３３番６号菱和パレス３０１",,13,104,1620056,,,,,,,2015-10-05,1,,,,,"フジワラコウギョウ",0
1376,6011101062385,01,1,2022-10-31,2015-10-05,"株式会社ジェイイエーガー",,301,"東京都","新宿区","西新宿７丁目２番６号",,13,104,1600023,,,,,,,2015-10-05,0,,,,,,0
1377,6011101062385,11,1,2022-10-31,2019-11-07,"ジントル株式会社",,301,"東京都","新宿区","西新宿７丁目２番６号",,13,104,1600023,,,,,,,2015-10-05,0,,,,,,0
1378,6011101062385,12,1,2022-10-31,2021-05-21,"ジントル株式会社",,301,"東京都","渋谷区","代々木４丁目３５－８古崎ビル２０１",00123214,13,113,1510053,,,,,,,2015-10-05,1,,,,,,0
1379,6011103012314,01,0,2022-10-31,2022-10-31,"ＫＥＩ　ＧＲＯＵＰ合同会社",,305,"東京都","新宿区","新宿５丁目１１番１３号富士新宿ビル４階",,13,104,1600022,,,,,,,2022-10-31,1,,,,,"ケイグループ",0
1380,6011201014501,01,1,2022-10-31,2015-10-05,"株式会社Ｋプランニング",,301,"東京都","中野区","大和町４丁目４２番１９号",,13,114,1650034,,,,,,,2015-10-05,1,,,,,"ケイプランニング",0
1381,6011201024194,01,0,2022-10-31,2022-10-31,"株式会社Ｋ．Ｄ．Ｓ",,301,"東京都","中野区","上鷺宮１丁目８番６号",,13,114,1650031,,,,,,,2022-10-31,1,,,,,"ケーディーエス",0
1382,6011301013931,01,1,2022-10-31,2015-10-05,"株式会社ロータスコーポレーション",,301,"東京都","杉並区","井草１丁目４番１７号",,13,115,1670021,,,,,,,2015-10-05,1,,,,,"ロータスコーポレーション",0
1383,6011301015424,01,1,2022-10-31,2015-10-05,"菊寿以株式会社",,301,"東京都","杉並区","下井草３丁目１４番４号",,13,115,1670022,,,,,,,2015-10-05,1,,,,,"キクスイ",0
1384,6011301020011,01,1,2022-10-31,2015-10-05,"株式会社エアーフラッグ",,301,"東京都","世田谷区","上祖師谷６丁目２３番３号",,13,112,1570065,,,,,,,2015-10-05,1,,,,,"エアーフラッグ",0
1385,6011401016256,01,1,2022-10-31,2015-10-05,"株式会社ヒューマングロー",,301,"東京都","板橋区","板橋４丁目６－１",,13,119,1730004,,,,,,,2015-10-05,1,,,,,"ヒューマングロー",0
1386,6011401024639,01,0,2022-10-31,2022-10-31,"株式会社千田工業",,301,"東京都","板橋区","中台２丁目１９番３号",,13,119,1740064,,,,,,,2022-10-31,1,,,,,"チダコウギョウ",0
1387,6011501028606,01,0,2022-10-31,2022-10-31,"株式会社ＧＲＯＷ",,301,"東京都","北区","栄町４番１３号",,13,117,1140005,,,,,,,2022-10-31,1,,,,,"グロウ",0
1388,6011501028614,01,0,2022-10-31,2022-10-31,"株式会社＿氏囲碁",00128296,301,"東京都","荒川区","西尾久８丁目４４番３０－１１０６号",,13,118,1160011,,,,,,,2022-10-31,1,,,,,"リュウシイゴ",0
1389,6011601014150,12,0,2022-10-31,2022-10-27,"エイアールリレーションズ株式会社",,301,"東京都","港区","赤坂６丁目４番２２号",,13,103,1070052,,,,,,,2015-10-05,1,,,,,"エイアールリレーションズ",0
1390,6011701018761,12,0,2022-10-31,2022-10-27,"株式会社カザリス",,301,"千葉県","習志野市","津田沼５丁目１０番７－１０１号",,12,216,2750016,,,,,,,2015-10-05,1,,,,,"カザリス",0
1391,6011801006303,01,1,2022-10-31,2015-10-05,"栄和株式会社",,301,"東京都","足立区","千住曙町４１番１－１５０５号シテヌーブ北千住３０Ａ棟",,13,121,1200023,,,,,,,2015-10-05,0,,,,,,0
1392,6011801006303,11,1,2022-10-31,2016-01-22,"小高事務所株式会社",00105616,301,"東京都","足立区","千住曙町４１番１－１５０５号シテヌーブ北千住３０Ａ棟",,13,121,1200023,,,,,,,2015-10-05,0,,,,,,0
1393,6011801006303,12,1,2022-10-31,2017-11-08,"小高事務所株式会社",00105616,301,"東京都","目黒区","自由が丘３丁目１８番１号",,13,110,1520035,,,,,,,2015-10-05,0,,,,,,0
1394,6011801006303,11,1,2022-10-31,2018-01-19,"小高総合事務所株式会社",00112403,301,"東京都","目黒区","自由が丘３丁目１８番１号",,13,110,1520035,,,,,,,2015-10-05,1,,,,,"コダカソウゴウジムショ",0
1395,6011801023975,01,1,2022-10-31,2015-10-05,"株式会社ＢＬＯＷ　ＢＹ　ＢＬＯＷ",,301,"東京都","足立区","梅島３丁目２番１号",,13,121,1210816,,,,,,,2015-10-05,1,,,,,"ブローバイブロー",0
1396,6011801026292,01,1,2022-10-31,2015-10-05,"株式会社梅元ホールディングス",,301,"東京都","足立区","西新井６丁目３番８号",,13,121,1230841,,,,,,,2015-10-05,1,,,,,"ウメモトホールディングス",0
1397,6012301010951,11,0,2022-10-31,2022-10-25,"Ｐｕｒｅｗｉｎｄ株式会社",,301,"東京都","町田市","小川３丁目２番地６０",,13,209,1940003,,,,,,,2017-05-08,1,,,,,"ピュアウインド",0
1398,6012301013186,01,0,2022-10-31,2022-10-31,"株式会社Ｍｉｓ．Ｃｈｉｅｆ",,301,"東京都","町田市","原町田１丁目７番２号ヴェルデ町田１４０３",,13,209,1940013,,,,,,,2022-10-31,1,,,,,"ミスチーフ",0
1399,6012401020776,01,1,2022-10-31,2015-10-05,"株式会社ａｄｉｌｕｈｕｎｇ",,301,"東京都","小金井市","本町３丁目８番９－１００３号",,13,210,1840004,,,,,,,2015-10-05,1,,,,,"アディルフン",0
1400,6012401039800,01,0,2022-10-31,2022-10-31,"株式会社シエスタ",,301,"東京都","多摩市","落合１丁目４６番地１ココリア多摩センター７階",,13,224,2060033,,,,,,,2022-10-31,1,,,,,"シエスタ",0
1401,6012403005643,01,0,2022-10-31,2022-10-31,"ＥＮｉｓｈｉ合同会社",,305,"東京都","調布市","多摩川５丁目２５番地５",,13,208,1820025,,,,,,,2022-10-31,1,,,,,"エニシ",0
1402,6012702001070,01,1,2022-10-31,2015-10-05,"有限会社外崎電機工業",00058390,302,"東京都","小平市","小川西町３丁目２５番１２号",,13,211,1870035,,,,,,,2015-10-05,1,,,,,"トザキデンキコウギョウ",0
1403,6012702005113,01,1,2022-10-31,2015-10-05,"有限会社理工設備工業",,302,"東京都","西東京市","下保谷４丁目３番４号",,13,229,2020004,,,,,,,2015-10-05,1,,,,,"リコウセツビコウギョウ",0
1404,6012705002330,01,0,2022-10-31,2022-10-31,"特定非営利活動法人街と共存するロングスケートボード協会",,399,"東京都","東久留米市","前沢３丁目１０番２８号ＮｉｃｅＭａｋｅ内",,13,222,2030032,,,,,,,2022-10-31,1,,,,,"マチトキョウゾンスルロングスケートボードキョウカイ",0
1405,6012801001293,01,1,2022-10-31,2015-10-05,"日測電子工業株式会社",,301,"東京都","立川市","羽衣町２丁目２番１２号",,13,202,1900021,,,,,,,2015-10-05,1,,,,,"ニッソクデンシコウギョウ",0
1406,6013101009044,01,0,2022-10-31,2022-10-31,"Ｋ＆Ｐシステム株式会社",,301,"東京都","あきる野市","瀬戸岡５１６番地１２メゾンドコリーヌ２０２",,13,228,1970803,,,,,,,2022-10-31,1,,,,,"ケイアンドピーシステム",0
1407,6013201000687,01,1,2022-10-31,2015-10-05,"株式会社岩村アトリエ",,301,"神奈川県","横浜市中区","相生町１丁目１７番１号パークビュー横浜３０１",,14,104,2310012,,,,,,,2015-10-05,1,,,,,"イワムラアトリエ",0
1408,6013301020668,01,1,2022-10-31,2015-10-05,"株式会社タカラレーベン東北",,301,"宮城県","仙台市青葉区","中央２丁目２番１０号",,04,101,9800021,,,,,,,2015-10-05,0,,,,,,0
1409,6013301020668,21,0,2022-10-31,2022-10-24,"株式会社タカラレーベン東北",,301,"宮城県","仙台市青葉区","中央２丁目２番１０号",,04,101,9800021,,,2022-10-24,11,3500001002165,"令和４年１０月１日東京都千代田区丸の内一丁目８番２号株式会社タカラレーベン（3500001002165）に合併し解散",2015-10-05,1,,,,,,0
1410,6013301049864,01,0,2022-10-31,2022-10-31,"美良株式会社",,301,"東京都","豊島区","池袋１丁目１６番２０号－３０２号室",,13,116,1700014,,,,,,,2022-10-31,1,,,,,"ミラ",0
1411,6013303006351,01,0,2022-10-31,2022-10-31,"合同会社グリーンアライアンス",,305,"東京都","豊島区","南池袋３丁目８番３号池袋クラウンハイツ６０４",,13,116,1710022,,,,,,,2022-10-31,1,,,,,"グリーンアライアンス",0
1412,6020001148707,01,0,2022-10-31,2022-10-31,"株式会社ネクサム",,301,"神奈川県","川崎市宮前区","鷺沼４丁目１－８０",,14,136,2160004,,,,,,,2022-10-31,1,,,,,"ネクサム",0
1413,6020002045762,21,0,2022-10-31,2022-10-25,"有限会社ユニオン建築設計事務所",,302,"神奈川県","横浜市金沢区","並木２丁目３番１－７０５号",,14,108,2360005,,,2022-10-25,01,,,2015-10-05,1,,,,,"ユニオンケンチクセッケイジムショ",0
1414,6020003017034,12,0,2022-10-31,2022-10-24,"紅雀介護サービス合同会社",,305,"神奈川県","横浜市保土ケ谷区","天王町１丁目１７番地６セリーニＦ１階",,14,106,2400003,,,,,,,2019-12-06,1,,,,,"ベニスズメカイゴサービス",0
1415,6021002061056,21,0,2022-10-31,2022-10-26,"有限会社モトイ工業",,302,"神奈川県","平塚市","出縄４７３番地の１７",,14,203,2540915,,,2022-10-26,01,,,2015-10-05,1,,,,,,0
1416,6021003011092,12,0,2022-10-31,2022-10-27,"合同会社ラヴィ・ポルン",,305,"神奈川県","海老名市","本郷２３０３－８ウッドベルビナ２－１０１",,14,215,2430417,,,,,,,2021-11-16,1,,,,,"ラヴィポルン",0
1417,6021005012650,01,0,2022-10-31,2022-10-31,"一般社団法人トンガリーズ",,399,"神奈川県","秦野市","入船町８番３号",,14,211,2570041,,,,,,,2022-10-31,1,,,,,"トンガリーズ",0
1418,6030001040631,01,1,2022-10-31,2015-10-05,"テレワーク株式会社",,301,"埼玉県","八潮市","大字垳２４３番地４",,11,234,3400824,,,,,,,2015-10-05,1,,,,,"テレワーク",0
1419,6030001072914,01,1,2022-10-31,2015-10-05,"株式会社ＥＧ製靴",,301,"埼玉県","草加市","谷塚町１３５２番地",,11,221,3400023,,,,,,,2015-10-05,1,,,,,"イージーセイカ",0
1420,6030001083250,21,0,2022-10-31,2022-10-20,"株式会社エスジージャパン",,301,"埼玉県","川口市","坂下町１丁目８番１６号",,11,203,3340003,,,2022-10-20,01,,,2015-10-05,1,,,,,"エスジージャパン",0
1421,6030001150785,01,0,2022-10-31,2022-10-31,"株式会社勝組",,301,"埼玉県","蕨市","中央３丁目１８番５号ネベル蕨中央１４０４号",,11,223,3350004,,,,,,,2022-10-31,1,,,,,"カツグミ",0
1422,6030002013999,01,1,2022-10-31,2015-10-05,"有限会社八幡商事",,302,"埼玉県","さいたま市北区","宮原町３丁目３７３番地の１",,11,102,3310812,,,,,,,2015-10-05,0,,,,,"ハチマンショウジ",0
1423,6030002013999,12,1,2022-10-31,2022-10-21,"有限会社八幡商事",,302,"埼玉県","さいたま市北区","奈良町１２４番地の２",,11,102,3310822,,,,,,,2015-10-05,1,,,,,"ハチマンショウジ",0
1424,6030003011746,12,0,2022-10-31,2022-10-27,"ＴＭ企画合同会社",,305,"東京都","豊島区","池袋２丁目６５－６慶愛鳥山ビル１階",,13,116,1710014,,,,,,,2018-04-17,1,,,,,"ティーエムキカク",0
1425,6030003019112,12,0,2022-10-31,2022-10-27,"合同会社ｔｓｕｇｉｔｔａ",,305,"東京都","中央区","銀座１丁目１２番４号Ｎ＆ＥＢＬＤ６Ｆ",,13,102,1040061,,,,,,,2022-04-15,1,,,,,"ツギッタ",0
1426,6030003020482,01,0,2022-10-31,2022-10-31,"アンドビー合同会社",,305,"埼玉県","上尾市","大字大谷本郷１５７番地１２",,11,219,3620044,,,,,,,2022-10-31,1,,,,,"アンドビー",0
1427,6040001046289,01,1,2022-10-31,2015-10-05,"北印測量設計株式会社",,301,"千葉県","印西市","戸神１２９番地２",,12,231,2701348,,,,,,,2015-10-05,1,,,,,"ホクインソクリョウセッケイ",0
1428,6040001046495,01,1,2022-10-31,2015-10-05,"株式会社空港警備パーキング",,301,"千葉県","成田市","取香２５５番地２",,12,211,2860106,,,,,,,2015-10-05,1,,,,,"クウコウケイビパーキング",0
1429,6040001070520,01,1,2022-10-31,2015-10-05,"株式会社ＳＰＩＲＩＴ",,301,"千葉県","柏市","十余二２５４番地８３０",,12,217,2770872,,,,,,,2015-10-05,1,,,,,"スピリット",0
1430,6040001074934,01,1,2022-10-31,2015-10-05,"株式会社マスヤ",,301,"千葉県","いすみ市","大原９２２９番地",,12,238,2980004,,,,,,,2015-10-05,1,,,,,"マスヤ",0
1431,6040001088075,01,1,2022-10-31,2015-10-05,"株式会社龍潤工業",,301,"茨城県","稲敷市","中山３９１４番地２",,08,229,3001415,,,,,,,2015-10-05,1,,,,,"リュウジュンコウギョウ",0
1432,6040001093232,01,1,2022-10-31,2015-12-14,"株式会社ナガタ工業",,301,"千葉県","千葉市若葉区","みつわ台５丁目１０番２号",,12,104,2640032,,,,,,,2015-12-14,1,,,,,"ナガタコウギョウ",0
1433,6040001125613,01,0,2022-10-31,2022-10-31,"Ｇｒｅｓｓ株式会社",,301,"千葉県","柏市","柏１丁目１番１０号ＫＡＳＨＩ－ＷＯＲＫビル",,12,217,2770005,,,,,,,2022-10-31,1,,,,,"グレス",0
1434,6040001125621,01,0,2022-10-31,2022-10-31,"ＭＭＫ株式会社",,301,"千葉県","習志野市","大久保１丁目１７番９号",,12,216,2750011,,,,,,,2022-10-31,1,,,,,"エムエムケイ",0
1435,6040001125638,01,0,2022-10-31,2022-10-31,"株式会社モニア",,301,"千葉県","松戸市","西馬橋相川町２１１番地の１",,12,207,2710045,,,,,,,2022-10-31,1,,,,,"モニア",0
1436,6040002083505,01,1,2022-10-31,2015-10-05,"有限会社丸義興業",,302,"千葉県","匝瑳市","新堀１４６４番地の３８１",,12,235,2893183,,,,,,,2015-10-05,1,,,,,"マルヨシコウギョウ",0
1437,6040003021166,01,0,2022-10-31,2022-10-31,"合同会社ＴＯＫＹＯ　ＭＡＲＫＥＴＩＮＧ",,305,"千葉県","浦安市","明海４丁目２－１１－４０５",,12,227,2790014,,,,,,,2022-10-31,1,,,,,"トーキョーマーケティング",0
1438,6050001018799,01,1,2022-10-31,2015-10-05,"谷島工業株式会社",,301,"茨城県","古河市","葛生１４２９番地の３",,08,204,3060211,,,,,,,2015-10-05,1,,,,,"ヤジマコウギョウ",0
1439,6050001030878,01,1,2022-10-31,2015-10-05,"ｙｏｕｉｎｇホールディングス株式会社",,301,"茨城県","守谷市","松ケ丘３丁目２０番４号",,08,224,3020127,,,,,,,2015-10-05,1,,,,,"ユーイングホールディングス",0
1440,6060001024086,01,1,2022-10-31,2015-10-05,"株式会社ｍ３",,301,"栃木県","小山市","駅東通り１丁目２２番３０号Ｔ．ＳＩＩＩビル４階４０１号室",00024147,09,208,3230022,,,,,,,2015-10-05,1,,,,,"エムスリー",0
1441,6070001003304,01,1,2022-10-31,2015-10-05,"株式会社矢島表具店",,301,"群馬県","前橋市","文京町２丁目６番２８号",,10,201,3710801,,,,,,,2015-10-05,1,,,,,"ヤジマヒョウグテン",0
1442,6070001024424,01,1,2022-10-31,2015-10-05,"クラシーバヤー株式会社",,301,"群馬県","高崎市","江木町１６０１番地１",,10,202,3700046,,,,,,,2015-10-05,1,,,,,"クラシーバヤー",0
1443,6070001024457,01,1,2022-10-31,2015-10-05,"株式会社協進",,301,"群馬県","伊勢崎市","日乃出町５７５番地２",,10,204,3720022,,,,,,,2015-10-05,1,,,,,"キョウシン",0
1444,6070002030925,01,1,2022-10-31,2015-10-05,"有限会社本間板金",,302,"群馬県","太田市","東本町２０番２０号",,10,205,3730026,,,,,,,2015-10-05,1,,,,,"ホンマバンキン",0
1445,6080001008871,01,1,2022-10-31,2015-10-05,"株式会社日本平清水屋",,301,"静岡県","静岡市清水区","村松４０４７番地の１",,22,103,4240926,,,,,,,2015-10-05,1,,,,,"ニホンダイラシミズヤ",0
1446,6080001018706,01,1,2022-10-31,2015-10-05,"株式会社つちやフラワー",,301,"静岡県","島田市","大井町４番の１１",,22,209,4270025,,,,,,,2015-10-05,1,,,,,"ツチヤフラワー",0
1447,6080005006599,21,0,2022-10-31,2022-10-20,"特定非営利活動法人静岡県環境経済研究機構",,399,"静岡県","静岡市葵区","紺屋町１１－１浮月ビル５階",,22,101,4200852,,,2022-10-20,01,,,2015-10-05,1,,,,,"シズオカケンカンキョウケイザイケンキュウキコウ",0
1448,6080401003010,01,1,2022-10-31,2015-10-05,"株式会社タカソウ",,301,"静岡県","浜松市中区","富塚町５１６３番地１",00079524,22,131,4328002,,,,,,,2015-10-05,1,,,,,"タカソウ",0
1449,6100001022416,01,1,2022-10-31,2015-10-05,"国風水引工芸株式会社",,301,"長野県","飯田市","白山町２丁目２番地１０",,20,205,3950076,,,,,,,2015-10-05,1,,,,,"コクフウミズヒキコウゲイ",0
1450,6120001033717,01,1,2022-10-31,2015-10-05,"株式会社マツモト楽器",,301,"大阪府","大阪市住吉区","遠里小野５丁目１９番５号",,27,120,5580032,,,,,,,2015-10-05,1,,,,,"マツモトガッキ",0
1451,6120001134325,01,1,2022-10-31,2015-10-05,"株式会社タカミエンジ",,301,"大阪府","大阪市城東区","新喜多１丁目７番２８号",,27,118,5360015,,,,,,,2015-10-05,1,,,,,"タカミエンジ",0
1452,6120001141016,01,1,2022-10-31,2015-10-05,"株式会社Ｍ＆Ｍ",,301,"大阪府","大阪市北区","本庄東２丁目２番２７号天神橋ハイム１００１号",,27,127,5310074,,,,,,,2015-10-05,1,,,,,"エムアンドエム",0
1453,6120001143730,01,1,2022-10-31,2015-10-05,"ＯＬＡイメージング株式会社",,301,"大阪府","大阪市住之江区","南港北２丁目１番１０号ＡＴＣビルＩＴＭ棟",,27,125,5590034,,,,,,,2015-10-05,1,,,,,"オーエルエーイメージング",0
1454,6120001239025,12,0,2022-10-31,2022-10-27,"進和興商株式会社",,301,"大阪府","大阪市中央区","島之内１丁目１１－２９ＬＥＯＰＡＲＤ心斎橋８０２号",,27,128,5420082,,,,,,,2021-07-16,1,,,,,"シンワコウショウ",0
1455,6120001249791,01,0,2022-10-31,2022-10-31,"株式会社ｂｕｌｌ　ｔｉｅｓ",,301,"大阪府","大阪市阿倍野区","播磨町３丁目６－１０ウエリス阿倍野１１０６",,27,119,5450022,,,,,,,2022-10-31,1,,,,,"ブルタイズ",0
1456,6120001249841,01,0,2022-10-31,2022-10-31,"株式会社Ｃ．ｃｏｃｏ",,301,"大阪府","大阪市天王寺区","上本町６丁目２番２６号大和上六ビル７０１",,27,109,5430001,,,,,,,2022-10-31,1,,,,,"ココ",0
1457,6120001249858,01,0,2022-10-31,2022-10-31,"株式会社Ｍａｎａ‐Ｏｎｅ",,301,"大阪府","大阪市中央区","瓦町３丁目１番３号クレヴィアタワー大阪本町１８０６",,27,128,5410048,,,,,,,2022-10-31,1,,,,,"マナワン",0
1458,6120001249866,01,0,2022-10-31,2022-10-31,"株式会社Ｇｅｒｂｅｒａ",,301,"大阪府","大阪市淀川区","木川東４丁目１６番１１－９０１号",,27,123,5320012,,,,,,,2022-10-31,1,,,,,"ガーベラ",0
1459,6120001249890,01,0,2022-10-31,2022-10-31,"株式会社Ｍ・Ａエール",,301,"大阪府","守口市","金下町２丁目１２番１０号",,27,209,5700079,,,,,,,2022-10-31,1,,,,,"エムエーエール",0
1460,6120001249899,01,0,2022-10-31,2022-10-31,"ＳＮＳマイスター株式会社",,301,"大阪府","大阪市北区","梅田１丁目１番３号大阪駅前第３ビル２９階１－１－１号室",,27,127,5300001,,,,,,,2022-10-31,1,,,,,"エスエヌエスマイスター",0
1461,6120003020325,21,0,2022-10-31,2022-10-26,"合同会社かっぱ光房",,305,"大阪府","大阪市東淀川区","下新庄６丁目１３－２３生島コーポ３０６号",,27,114,5330021,,,2022-10-26,01,,,2021-09-30,1,,,,,"カッパコウボウ",0
1462,6120101066435,01,0,2022-10-31,2022-10-31,"株式会社近藤電気",,301,"大阪府","堺市中区","楢葉１６番地１０",,27,142,5998252,,,,,,,2022-10-31,1,,,,,"コンドウデンキ",0
1463,6120103000862,01,1,2022-10-31,2015-10-05,"合同会社らいらく",,305,"大阪府","堺市西区","鳳中町１０丁１２番地３やかた南浜寺１０３号",,27,144,5938327,,,,,,,2015-10-05,1,,,,,"ライラク",0
1464,6120103002339,11,0,2022-10-31,2022-10-20,"合同会社ＳＥＲＥＮＥ",,305,"大阪府","泉佐野市","新町３丁目４番５号",,27,213,5980051,,,,,,,2015-12-10,1,,,,,"セリーン",0
1465,6120105000712,01,1,2022-10-31,2015-10-05,"圓龍寺",,399,"大阪府","堺市堺区","新在家町東４丁１番５号",,27,141,5900964,,,,,,,2015-10-05,1,,,,,"エンリュウジ",0
1466,6120901017793,01,1,2022-10-31,2015-10-05,"株式会社Ｅｉｄａｎ",,301,"大阪府","吹田市","泉町３丁目１９番２６－３０１号",,27,205,5640041,,,,,,,2015-10-05,1,,,,,"エイダン",0
1467,6120901022380,01,1,2022-10-31,2015-10-05,"株式会社アローフィールド",,301,"兵庫県","西宮市","甲陽園本庄町５番１６号",,28,204,6620015,,,,,,,2015-10-05,1,"ARROWFIELD Co., LTD","Hyogo","5-16, Honjo, Koyoen, Nishinomiya shi",,"アローフィールド",0
1468,6120901028576,01,1,2022-10-31,2015-10-05,"大造ライン株式会社",,301,"大阪府","豊中市","新千里東町１丁目５番３号千里朝日阪急ビル１３階",,27,203,5600082,,,,,,,2015-10-05,1,,,,,"ダイゾウライン",0
1469,6120905000366,01,1,2022-10-31,2015-10-05,"全東レ労働組合連合会東レ労働組合",,399,"大阪府","茨木市","双葉町１３番１１号",,27,211,5670829,,,,,,,2015-10-05,1,,,,,"ゼントウレレンゴウカイトウレ",0
1470,6122002012749,11,0,2022-10-31,2022-10-18,"株式会社関西整備",,301,"大阪府","大東市","諸福１丁目５番２９号",,27,218,5740044,,,,,,,2015-10-05,1,,,,,"カンサイセツビ",0
1471,6122003002443,01,0,2022-10-31,2022-10-31,"合同会社ねこの手",,305,"大阪府","柏原市","大正２丁目４番２１号プレジール２１－２０２号",,27,221,5820009,,,,,,,2022-10-31,1,,,,,"ネコノテ",0
1472,6130001038665,01,1,2022-10-31,2015-10-05,"株式会社上島組",,301,"京都府","綴喜郡井手町","大字井手小字西高月６０番地の５０",,26,343,6100302,,,,,,,2015-10-05,1,,,,,"ウエシマグミ",0
1473,6130001072937,01,0,2022-10-31,2022-10-31,"株式会社Ｏｆｆｉｃｅ　Ｕｎｕｓ",,301,"京都府","京都市右京区","谷口園町５番地８",,26,108,6168015,,,,,,,2022-10-31,1,,,,,"オフィスウーヌス",0
1474,6130002015523,01,1,2022-10-31,2015-10-05,"有限会社あさひ商事",,302,"京都府","京都市中京区","西ノ京小堀町２番地",,26,104,6048383,,,,,,,2015-10-05,1,,,,,"アサヒショウジ",0
1475,6130003006174,21,0,2022-10-31,2022-10-25,"合同会社ＨＳ足立",,305,"京都府","福知山市","三和町芦渕１０６５番地の１１",00117630,26,201,6201444,,,2022-10-25,01,,,2019-09-06,1,,,,,"エイチエスアダチ",0
1476,6140001034498,01,1,2022-10-31,2015-10-05,"株式会社アルト",,301,"兵庫県","明石市","鍛治屋町３番１４号",,28,203,6730884,,,,,,,2015-10-05,1,,,,,"アルト",0
1477,6140001089955,01,1,2022-10-31,2015-10-05,"株式会社ウィンポイント",,301,"兵庫県","宝塚市","武庫川町５番３６",,28,214,6650844,,,,,,,2015-10-05,0,,,,,"ウィンポイント",0
1478,6140001089955,12,1,2022-10-31,2022-10-27,"株式会社ウィンポイント",,301,"兵庫県","宝塚市","武庫川町５番３６－１１０１",,28,214,6650844,,,,,,,2015-10-05,1,,,,,"ウィンポイント",0
1479,6140001121908,12,0,2022-10-31,2022-10-26,"株式会社起帆",,301,"兵庫県","神戸市中央区","琴ノ緒町１丁目６－２３シャルマン神戸三宮１０１",,28,110,6510094,,,,,,,2021-06-11,1,,,,,"キボ",0
1480,6140001127839,01,0,2022-10-31,2022-10-31,"株式会社ＫＳ開発",,301,"兵庫県","姫路市","青山西４丁目１４番２－１",,28,201,6712224,,,,,,,2022-10-31,1,,,,,"ケイエスカイハツ",0
1481,6140001127855,01,0,2022-10-31,2022-10-31,"ＳＫＹＬＡＢ株式会社",,301,"兵庫県","姫路市","香寺町恒屋１０４６番地１",,28,201,6792165,,,,,,,2022-10-31,1,,,,,"スカイラボ",0
1482,6140002004211,12,0,2022-10-31,2022-10-28,"有限会社エス・アール商会",,302,"兵庫県","神戸市西区","池上５丁目１１番地の３",,28,111,6512111,,,,,,,2015-10-05,1,,,,,,0
1483,6150005008745,12,0,2022-10-31,2022-10-26,"一般社団法人奈良県事業承継センター",,399,"奈良県","奈良市","大宮町７丁目１番３３号",,29,201,6308115,,,,,,,2016-07-11,1,,,,,"ナラケンジギョウショウケイセンター",0
1484,6170001001330,01,1,2022-10-31,2015-10-05,"株式会社サブール",,301,"和歌山県","和歌山市","卜半町２２番地",,30,201,6408045,,,,,,,2015-10-05,1,,,,,"サブール",0
1485,6180001072503,01,1,2022-10-31,2015-10-05,"株式会社大八",,301,"愛知県","名古屋市千種区","千種３丁目１３番２２号",,23,101,4640858,,,,,,,2015-10-05,1,,,,,"ダイハチ",0
1486,6180001101121,01,1,2022-10-31,2015-10-05,"株式会社ＴＭＦＷ",,301,"愛知県","名古屋市中区","錦３丁目１５番１１号",,23,106,4600003,,,,,,,2015-10-05,0,,,,,"ティーエフエムダブリュ",0
1487,6180001101121,12,1,2022-10-31,2017-02-22,"株式会社ＴＭＦＷ",,301,"愛知県","名古屋市北区","若葉通１丁目２５番地若葉ビル２０３",,23,103,4620854,,,,,,,2015-10-05,1,,,,,"ティーエフエムダブリュ",0
1488,6180001103539,01,1,2022-10-31,2015-10-05,"株式会社テクノワークス",,301,"愛知県","あま市","七宝町安松東高御堂２５３７番地１",,23,237,4970011,,,,,,,2015-10-05,1,,,,,"テクノワークス",0
1489,6180001106871,01,1,2022-10-31,2015-10-05,"株式会社岡本興業",,301,"愛知県","豊明市","二村台１丁目２１番地１５",,23,229,4701131,,,,,,,2015-10-05,1,,,,,"オカモトコウギョウ",0
1490,6180001115253,01,1,2022-10-31,2015-10-05,"タマイ工業株式会社",,301,"愛知県","北名古屋市","鍜治ケ一色東二丁目１６５番地",,23,234,4810037,,,,,,,2015-10-05,1,,,,,"タマイコウギョウ",0
1491,6180001142157,12,0,2022-10-31,2022-10-21,"ＴＨＲＩＶＥ株式会社",,301,"愛知県","名古屋市中村区","則武１丁目１０番６号",,23,105,4530014,,,,,,,2020-07-30,1,,,,,"スライブ",0
1492,6180001150928,12,0,2022-10-31,2022-10-20,"株式会社回有会",,301,"愛知県","あま市","七宝町秋竹松原６２０番地１",,23,237,4970003,,,,,,,2022-04-19,1,,,,,"カイユウカイ",0
1493,6180001153518,01,0,2022-10-31,2022-10-31,"ペルシアグループ株式会社",,301,"愛知県","名古屋市中川区","大塩町３丁目３６番地クレセール紗音２０２",,23,110,4540863,,,,,,,2022-10-31,1,,,,,"ペルシアグループ",0
1494,6180001153567,01,0,2022-10-31,2022-10-31,"株式会社ＴＰＳ",,301,"愛知県","名古屋市熱田区","金山町１丁目１０番１号",,23,109,4560002,,,,,,,2022-10-31,1,,,,,"ティーピーエス",0
1495,6180001153575,01,0,2022-10-31,2022-10-31,"株式会社ライトーレ",,301,"愛知県","あま市","七宝町桂薮之内１９番地ウイングヒルヤマダ－２０３号",,23,237,4970004,,,,,,,2022-10-31,1,,,,,"ライトーレ",0
1496,6180001153591,01,0,2022-10-31,2022-10-31,"株式会社Ｔｈｅ　Ｂｒｉｄｇｅ",,301,"愛知県","一宮市","木曽川町門間字東大坪１７番地２",,23,203,4930002,,,,,,,2022-10-31,1,,,,,"ザブリッジ",0
1497,6180002004141,01,1,2022-10-31,2015-10-05,"有限会社九重企画",,302,"愛知県","名古屋市千種区","春岡１丁目２６番１号",,23,101,4640848,,,,,,,2015-10-05,0,,,,,,0
1498,6180002004141,11,1,2022-10-31,2017-05-30,"有限会社フードロジージャパン",,302,"愛知県","名古屋市千種区","春岡１丁目２６番１号",,23,101,4640848,,,,,,,2015-10-05,1,,,,,"フードロジージャパン",0
1499,6180002067386,01,1,2022-10-31,2015-10-05,"有限会社マルハチ",,302,"愛知県","春日井市","鳥居松町７丁目１１５番地",,23,206,4860844,,,,,,,2015-10-05,1,,,,,"マルハチ",0
1500,6180003016821,12,0,2022-10-31,2022-10-21,"株式会社ティプラス",,301,"愛知県","名古屋市千種区","内山町二丁目２番１７号カーサ・ミラソーレＩＩ１０２号",00128304,23,101,4640000,,,,,,,2016-01-13,1,,,,,"ティプラス",0
1501,6180003024403,01,0,2022-10-31,2022-10-31,"合同会社菊井製作所",,305,"愛知県","名古屋市西区","菊井１丁目１９番２７号",,23,104,4510044,,,,,,,2022-10-31,1,,,,,"キクイセイサクジョ",0
1502,6180301036760,01,0,2022-10-31,2022-10-31,"株式会社マキタ",,301,"愛知県","みよし市","三好町西荒田１９番地１",,23,236,4700224,,,,,,,2022-10-31,1,,,,,"マキタ",0
1503,6190001008076,01,1,2022-10-31,2015-10-05,"株式会社ビック企画",,301,"三重県","志摩市","志摩町片田２２３番地３９",,24,215,5170701,,,,,,,2015-10-05,1,,,,,"ビックキカク",0
1504,6200001000246,21,0,2022-10-31,2022-10-12,"アパートセンター株式会社",,301,"岐阜県","岐阜市","金宝町３丁目１番地",,21,201,5008847,,,2022-10-12,11,7010001095222,"令和４年１０月１日東京都千代田区丸の内一丁目８番１号丸の内トラストタワーＮ館Ａｐａｍａｎ　Ｐｒｏｐｅｒｔｙ株式会社（7010001095222）に合併し解散",2015-10-05,1,,,,,"アパートセンター",0
1505,6200005006207,01,1,2022-10-31,2015-10-05,"西照寺",,399,"岐阜県","揖斐郡大野町","大字野１２７８番地",,21,403,5010504,,,,,,,2015-10-05,1,,,,,"サイショウジ",0
1506,6220001017370,01,1,2022-10-31,2015-10-05,"加賀谷商事株式会社",,301,"石川県","かほく市","内日角３丁目５番地１",,17,209,9291126,,,,,,,2015-10-05,1,,,,,"カガヤショウジ",0
1507,6220001018864,01,1,2022-10-31,2015-10-05,"株式会社Ｓｈａｎｉ",,301,"石川県","七尾市","奥原町３部２７番地５",,17,202,9260174,,,,,,,2015-10-05,1,,,,,"シャニ",0
1508,6220001020985,21,0,2022-10-31,2022-10-27,"干元鉄筋工業株式会社",,301,"石川県","河北郡内灘町","字ハマナス２丁目１５８番地",,17,365,9200268,,,2022-10-27,01,,,2016-05-10,1,,,,,"ホシモトテッキンコウギョウ",0
1509,6220003003385,01,0,2022-10-31,2022-10-31,"グルース合同会社",,305,"石川県","白山市","下野町ロ２０２番地",,17,210,9202374,,,,,,,2022-10-31,1,,,,,"グルース",0
1510,6230002006834,01,1,2022-10-31,2015-10-05,"有限会社山岸鉄工所",,302,"富山県","富山市","八尾町福島上野１８６番地",,16,201,9392376,,,,,,,2015-10-05,1,,,,,"ヤマギシテッコウショ",0
1511,6230002014151,01,1,2022-10-31,2015-10-05,"有限会社藤井瓦商店",,302,"富山県","射水市","生源寺４２４８番地",,16,211,9390403,,,,,,,2015-10-05,1,,,,,"フジイカワラショウテン",0
1512,6240001040809,01,1,2022-10-31,2015-10-05,"株式会社藤サービス",,301,"広島県","東広島市","西条町御薗宇６４６－１",,34,212,7390024,,,,,,,2015-10-05,1,,,,,"フジサービス",0
1513,6240001060567,01,0,2022-10-31,2022-10-31,"株式会社ＨＦＰ",,301,"広島県","福山市","神辺町字道上８７５番地１１",,34,207,7202104,,,,,,,2022-10-31,1,,,,,"エイチエフピー",0
1514,6250001009737,01,1,2022-10-31,2015-10-05,"株式会社キャッスルコーポレーション",,301,"山口県","下松市","栄町３丁目８番１４号",,35,207,7440013,,,,,,,2015-10-05,1,,,,,,0
1515,6250002012748,01,1,2022-10-31,2015-10-05,"有限会社マルカワ",,302,"山口県","下関市","彦島向井町２丁目８番１号",,35,201,7500084,,,,,,,2015-10-05,1,,,,,,0
1516,6260003004082,01,0,2022-10-31,2022-10-31,"合同会社あおば地所",,305,"岡山県","岡山市南区","東畦１６４番地１",,33,104,7010211,,,,,,,2022-10-31,1,,,,,"アオバジショ",0
1517,6280005007511,01,0,2022-10-31,2022-10-31,"ジャパン企画協同組合",,399,"島根県","松江市","南田町２１－１（２Ｆ）",,32,201,6900884,,,,,,,2022-10-31,1,,,,,"ジャパンキカク",0
1518,6290001004800,01,1,2022-10-31,2015-10-05,"株式会社福岡ホームプラザ",,301,"福岡県","福岡市城南区","神松寺２丁目１６番８－５０３号",,40,136,8140121,,,,,,,2015-10-05,0,,,,,"フクオカホームプラザ",0
1519,6290001004800,21,1,2022-10-31,2018-01-09,"株式会社福岡ホームプラザ",,301,"福岡県","福岡市城南区","神松寺２丁目１６番８－５０３号",,40,136,8140121,,,2018-01-09,21,,,2015-10-05,0,,,,,"フクオカホームプラザ",0
1520,6290001004800,22,1,2022-10-31,2022-10-21,"株式会社福岡ホームプラザ",,301,"福岡県","福岡市城南区","神松寺２丁目１６番８－５０３号",,40,136,8140121,,,,,,,2015-10-05,1,,,,,"フクオカホームプラザ",0
1521,6290001028626,01,1,2022-10-31,2015-10-05,"株式会社一建興業",,301,"福岡県","福岡市博多区","吉塚３丁目２８番１４－３０５号",,40,132,8120041,,,,,,,2015-10-05,1,,,,,"イチケンコウギョウ",0
1522,6290001099361,01,0,2022-10-31,2022-10-31,"株式会社Ｋ．Ｉ",,301,"福岡県","福岡市博多区","浦田１丁目３０番２７号",,40,132,8120861,,,,,,,2022-10-31,1,,,,,"ケーアイ",0
1523,6290001099378,01,0,2022-10-31,2022-10-31,"株式会社ＩＯＲＩ",,301,"福岡県","福岡市博多区","東月隈５丁目３番３号",,40,132,8120854,,,,,,,2022-10-31,1,,,,,"イオリ",0
1524,6290002051602,01,1,2022-10-31,2015-10-05,"有限会社小郡市浄化槽センター",,302,"福岡県","小郡市","稲吉字古矢次１０７１番地の６",,40,216,8380128,,,,,,,2015-10-05,1,,,,,"オゴオリシジョウカソウセンター",0
1525,6290802014790,01,1,2022-10-31,2015-10-05,"有限会社同友建設",,302,"福岡県","北九州市八幡西区","上上津役６丁目２番７号",,40,109,8070072,,,,,,,2015-10-05,1,,,,,"ドウユウケンセツ",0
1526,6300001012561,12,0,2022-10-31,2022-10-20,"株式会社ＲＯＡＴＥＣＨ",,301,"佐賀県","小城市","牛津町乙柳８６７番地７",,41,208,8490301,,,,,,,2021-07-16,1,,,,,"ロアテック",0
1527,6330001002295,01,1,2022-10-31,2015-10-05,"篠塚総業株式会社",,301,"熊本県","熊本市西区","上熊本３丁目５番１１号",,43,103,8600079,,,,,,,2015-10-05,1,,,,,"シノズカソウギョウ",0
1528,6330001006387,12,0,2022-10-31,2022-10-27,"株式会社わくわくコーポレーション",,301,"熊本県","熊本市東区","東野２丁目１１番２１号",,43,102,8612106,,,,,,,2015-10-05,1,,,,,"ワクワクコーポレーション",0
1529,6330001030230,01,0,2022-10-31,2022-10-31,"株式会社ひごモッコス",,301,"熊本県","熊本市中央区","帯山４丁目１３番２６号",,43,101,8620924,,,,,,,2022-10-31,1,,,,,"ヒゴモッコス",0
1530,6340001011659,01,1,2022-10-31,2015-10-05,"株式会社永徳",,301,"鹿児島県","鹿児島市","紫原１丁目１番１－５０５号",,46,201,8900082,,,,,,,2015-10-05,1,,,,,"エイトク",0
1531,6340002023959,01,1,2022-10-31,2015-10-05,"有限会社カセダフォト",,302,"鹿児島県","南さつま市","加世田地頭所１３４５番地５",,46,220,8970008,,,,,,,2015-10-05,1,,,,,"カセダフォト",0
1532,6350001012508,12,0,2022-10-31,2022-10-24,"株式会社ハセバデザイン",,301,"宮崎県","延岡市","愛宕町３丁目４番地２",,45,203,8820872,,,,,,,2015-10-05,1,,,,,"ハセバデザイン",0
1533,6350001013670,21,0,2022-10-31,2022-10-25,"株式会社千祥",,301,"宮崎県","西都市","大字下三財２７３３番地１",,45,208,8810113,,,2022-10-25,01,,,2015-10-05,1,,,,,"センショウ",0
1534,6350002013736,01,1,2022-10-31,2015-10-05,"有限会社飯山電業",,302,"宮崎県","都城市","今町７７３４番地",,45,202,8850064,,,,,,,2015-10-05,1,,,,,"イイヤマデンギョゥ",0
1535,6360002002903,01,1,2022-10-31,2015-10-05,"有限会社デーコム",,302,"沖縄県","那覇市","田原１丁目４番地の１サンヒルズ田原２階",,47,201,9010156,,,,,,,2015-10-05,1,"DACOM CO.,LTD.","Okinawa","1-4-1, Tabaru, Sunhills Tabaru 2F, Naha shi",,,0
1536,6370001001285,01,1,2022-10-31,2015-10-05,"株式会社立体建築工房",,301,"宮城県","仙台市泉区","永和台４番８号",,04,105,9813104,,,,,,,2015-10-05,1,,,,,"リッタイケンチクコウボウ",0
1537,6370002012034,01,1,2022-10-31,2015-10-05,"有限会社竹内会計事務所",,302,"宮城県","仙台市青葉区","錦町１丁目４番５－２０９号",,04,101,9800012,,,,,,,2015-10-05,1,,,,,"タケウチカイケイジムショ",0
1538,6370002020160,21,0,2022-10-31,2022-10-24,"有限会社大成測量設計",,302,"宮城県","黒川郡大和町","落合桧和田字中屋敷二番５３番地",,04,421,9813403,,,2022-10-24,01,,,2015-10-05,1,,,,,"タイセイソクリョウセッケイ",0
1539,6370201002769,01,1,2022-10-31,2015-10-05,"株式会社たじり穂波公社",,301,"宮城県","大崎市","田尻小塩字八ツ沢１番地",,04,215,9894305,,,,,,,2015-10-05,1,,,,,,0
1540,6400005007705,01,1,2022-10-31,2016-07-28,"医療法人爽生会",,399,"岩手県","二戸市","福岡字八幡下１９番地２",,03,213,0286101,,,,,,,2016-07-28,0,,,,,,0
1541,6400005007705,12,1,2022-10-31,2017-08-03,"医療法人爽生会",,399,"岩手県","二戸市","石切所字森合８５番地",,03,213,0286103,,,,,,,2016-07-28,1,,,,,,0
1542,6420002001295,01,1,2022-10-31,2015-10-05,"サトウモーター有限会社",,302,"青森県","青森市","大字幸畑字阿部野１６３番地１８３",,02,201,0300943,,,,,,,2015-10-05,1,,,,,"サトウモーター",0
1543,6420002019668,21,0,2022-10-31,2022-10-24,"有限会社鈴木林業",,302,"青森県","むつ市","大字関根字北関根ノ内休場３４６番地２８",,02,208,0350022,,,2022-10-24,01,,,2015-10-05,1,,,,,"スズキリンギョウ",0
1544,6430001044732,01,1,2022-10-31,2015-10-05,"株式会社田村商事",,301,"北海道","札幌市中央区","南九条西６丁目１番３０号",,01,101,0640809,,,,,,,2015-10-05,0,,,,,"タムラショウジ",0
1545,6430001044732,12,1,2022-10-31,2022-10-20,"株式会社田村商事",,301,"北海道","札幌市中央区","南二条西３丁目１２番４号",,01,101,0600062,,,,,,,2015-10-05,1,,,,,"タムラショウジ",0
1546,6430001069647,12,0,2022-10-31,2022-10-18,"株式会社インプレッション",,301,"北海道","札幌市西区","発寒六条１１丁目１番１号新道北口ビル３階",,01,107,0630826,,,,,,,2015-10-05,1,,,,,"インプレッション",0
1547,6430002008876,21,0,2022-10-31,2022-10-20,"有限会社澤口プランニング",,302,"北海道","札幌市東区","北五十条東１５丁目３番１８号",,01,103,0070850,,,2022-10-20,01,,,2015-10-05,1,,,,,"サワグチ",0
1548,6440002004511,01,1,2022-10-31,2015-10-05,"有限会社丸澤澤田商店",,302,"北海道","函館市","深堀町３７番５号",,01,202,0420941,,,,,,,2015-10-05,0,,,,,"マルサワサワダショウテン",0
1549,6440002004511,12,1,2022-10-31,2022-10-21,"有限会社丸澤澤田商店",,302,"北海道","函館市","中島町２２番８号",,01,202,0400014,,,,,,,2015-10-05,1,,,,,"マルサワサワダショウテン",0
1550,6500001013721,01,1,2022-10-31,2015-10-05,"株式会社さいとう",,301,"愛媛県","新居浜市","郷１丁目８番２５号",,38,205,7920886,,,,,,,2015-10-05,1,,,,,"サイトウ",0
1551,6700150018765,12,0,2022-10-31,2022-10-20,"石岡台地土地改良区",,499,"茨城県","石岡市","貝地２丁目２番５号",,08,205,3150015,,,,,,,2015-10-09,1,,,,,"イシオカダイチトチカイリヨウク",0
1552,6700150030126,12,0,2022-10-31,2022-10-25,"奈良県学校保健会",,499,"奈良県","奈良市","登大路町３０奈良県教育委員会　健康・安全教育課内",,29,201,6308213,,,,,,,2015-10-09,1,,,,,"ナラケンガツコウホケンカイ",0
1553,6700150035323,01,0,2022-10-31,2015-10-09,"南知床標津町観光協会",,499,"北海道","標津郡標津町","南三条西１丁目１－６",,01,693,0861653,,,,,,,2015-10-09,1,,,,,"ミナミシレトコシベツチヨウカンコウキヨウカイ",0
1554,6700150108616,01,0,2022-10-31,2022-05-11,"附けの會",,499,"東京都","中央区","日本橋蛎殻町２丁目１２－２－１００４",,13,102,1030014,,,,,,,2022-05-11,1,,,,,"ツケノカイ",0
1555,6700150111660,01,0,2022-10-31,2022-09-09,"トイロカンパニー",,499,"東京都","大田区","南馬込５丁目１９－２２－１０２",,13,111,1430025,,,,,,,2022-09-09,1,,,,,"トイロカンパニー",0
1556,6700150112122,01,0,2022-10-31,2022-10-13,"阿中学区明るく住みよい地域をつくる会",,499,"茨城県","ひたちなか市","阿字ケ浦町６１０番地",,08,221,3111201,,,,,,,2022-10-13,1,,,,,"アチユウガツクアカルクスミヨイチイキヲツクルカイ",0
1557,7010001004760,01,1,2022-10-31,2015-10-05,"株式会社竹田建設",,301,"東京都","文京区","湯島２丁目８番３号",,13,105,1130034,,,,,,,2015-10-05,1,,,,,"タケダケンセツ",0
1558,7010001013150,01,1,2022-10-31,2015-10-05,"株式会社オー・アール・イー",,301,"東京都","千代田区","神田佐久間河岸７８－２",,13,101,1010026,,,,,,,2015-10-05,1,,,,,"オーアールイー",0
1559,7010001039773,01,1,2022-10-31,2015-10-05,"奥山運輸株式会社",,301,"東京都","中央区","日本橋箱崎町１３番８号",,13,102,1030015,,,,,,,2015-10-05,1,,,,,"オクヤマウンユ",0
1560,7010001109915,21,0,2022-10-31,2022-10-21,"株式会社トータルプロジェクト・オフィス",,301,"千葉県","大網白里市","季美の森南２丁目２０番５号",,12,239,2993241,,,2022-10-21,01,,,2015-10-05,1,,,,,"トータルプロジェクトオフィス",0
1561,7010001115343,12,0,2022-10-31,2022-10-27,"株式会社オージェ",,301,"東京都","墨田区","江東橋３丁目１０番７号２Ｆ",,13,107,1300022,,,,,,,2015-10-05,1,,,,,"オージェ",0
1562,7010001119682,12,0,2022-10-31,2022-10-27,"株式会社ワイズ・パートナーズ",,301,"東京都","千代田区","神田錦町２丁目１１番地",,13,101,1010054,,,,,,,2015-10-05,1,,,,,"ワイズパートナーズ",0
1563,7010001191946,12,0,2022-10-31,2022-10-27,"Ｔｈｏｕｇｈｔ　Ｒｅｌｅａｓｅ株式会社",,301,"東京都","江東区","新大橋３丁目１５番１号第２ＫＳビル６０１",,13,108,1350007,,,,,,,2018-05-21,1,,,,,"ソートリリース",0
1564,7010001223724,12,0,2022-10-31,2022-10-26,"ＪＳＳ株式会社",,301,"東京都","千代田区","紀尾井町３－２９紀尾井ロイヤルハイツ３０４",,13,101,1020094,,,,,,,2022-01-12,1,,,,,"ジェイエスエス",0
1565,7010001226421,12,0,2022-10-31,2022-10-20,"株式会社ＡＣＣＡ",,301,"東京都","文京区","湯島３丁目３１番５号",,13,105,1130034,,,,,,,2022-05-11,1,,,,,"アッカ",0
1566,7010003031687,12,0,2022-10-31,2022-10-27,"今井哲朗デザイン事務所合同会社",,305,"東京都","江東区","北砂６丁目６番１４号",,13,108,1360073,,,,,,,2020-02-25,1,,,,,"イマイテツロウデザインジムショ",0
1567,7010005003973,01,1,2022-10-31,2015-10-05,"日本船主責任相互保険組合",,399,"東京都","中央区","日本橋人形町２丁目１５番１４号",,13,102,1030013,,,,,,,2015-10-05,1,"The Japan Ship Owners' Mutual Protection & Indemnity Association","Tokyo","2-15-14, Nihonbashi-Ningyocho, Chuo ku",,"ニホン",0
1568,7010005021034,21,0,2022-10-31,2022-10-26,"保険薬局事業協同組合",,399,"東京都","千代田区","平河町２丁目１６番６号",,13,101,1020093,,,2022-10-26,01,,,2015-10-05,1,,,,,"ホケンヤッキョク",0
1569,7010102007860,01,1,2022-10-31,2015-10-05,"有限会社レイグロース",,302,"東京都","八王子市","長房町２３０番地の７２",,13,201,1930824,,,,,,,2015-10-05,0,,,,,"レイグロース",0
1570,7010102007860,12,0,2022-10-31,2022-10-27,"有限会社レイグロース",,302,"東京都","世田谷区","代田４丁目３１番２２号シャトルヒエイ恵Ｓ－１",,13,112,1550033,,,,,,,2015-10-05,1,,,,,"レイグロース",0
1571,7010401146244,12,0,2022-10-31,2022-10-11,"株式会社ａｄｓ　ｏｒｉｇｉｎａｌ",,301,"東京都","港区","三田１丁目３－４０天翔オフィス麻布十番３０９",,13,103,1080073,,,,,,,2019-06-17,1,,,,,"アズオリジナル",0
1572,7010401158891,12,0,2022-10-31,2022-10-14,"株式会社ＴＳＩソーシャルワークス",,301,"東京都","港区","赤坂８丁目５番２７号",,13,103,1070052,,,,,,,2021-03-24,1,,,,,"ティーエスアイソーシャルワークス",0
1573,7010401162869,12,0,2022-10-31,2022-10-12,"株式会社Ｏ－ｌｉｎｋｓ",,301,"東京都","港区","赤坂１丁目１２番３２号アーク森ビル２２階",,13,103,1070052,,,,,,,2021-09-27,1,,,,,"オーリンクス",0
1574,7010401166647,01,1,2022-10-31,2022-04-06,"株式会社東京中央商事",,301,"東京都","港区","南青山２丁目２番１５号ウィン青山９４２",,13,103,1070062,,,,,,,2022-04-06,1,"Tokyo Central Trading Co., Ltd.","Tokyo","9F, 2-2-15, Minami-aoyama, Minato-ku",,"トウキョウチュウオウショウジ",0
1575,7010401170343,01,0,2022-10-31,2022-10-31,"株式会社ＷＯＯＺ",,301,"東京都","港区","南青山４丁目１７番３３号２Ｆ",,13,103,1070062,,,,,,,2022-10-31,1,,,,,"ウーズ",0
1576,7010403010349,21,0,2022-10-31,2022-10-13,"合同会社ＯＢＣホールディングス",,305,"東京都","港区","西新橋１丁目７番１３号",,13,103,1050003,,,2022-10-13,01,,,2015-10-05,1,,,,,,0
1577,7010405018027,21,0,2022-10-31,2022-10-11,"大阪キャピタル３一般社団法人",,399,"東京都","港区","六本木１丁目６番１号泉ガーデンタワー",,13,103,1060032,,,2022-10-11,01,,,2019-09-03,1,,,,,"オオサカキャピタルスリー",0
1578,7010501042772,12,0,2022-10-31,2022-10-28,"株式会社サーカス",,301,"東京都","台東区","蔵前２丁目１３番５号スワロータワービル５階",,13,106,1110051,,,,,,,2018-07-02,1,,,,,"サーカス",0
1579,7010501049561,01,0,2022-10-31,2022-10-31,"ツカサインターナショナル株式会社",,301,"東京都","台東区","秋葉原１番１号",,13,106,1100006,,,,,,,2022-10-31,1,,,,,"ツカサインターナショナル",0
1580,7010601038183,01,1,2022-10-31,2015-10-05,"株式会社ＭＯＤＥＲＡＴＯＲ",,301,"東京都","中央区","八重洲２丁目４番１０号第一幸田ビル２階",,13,102,1040028,,,,,,,2015-10-05,0,,,,,"モデレーター",0
1581,7010601038183,12,1,2022-10-31,2019-02-14,"株式会社ＭＯＤＥＲＡＴＯＲ",,301,"東京都","中央区","京橋２丁目２番１号",,13,102,1040031,,,,,,,2015-10-05,0,,,,,"モデレーター",0
1582,7010601038183,12,1,2022-10-31,2022-10-26,"株式会社ＭＯＤＥＲＡＴＯＲ",,301,"東京都","千代田区","神田錦町２丁目２番１号",,13,101,1010054,,,,,,,2015-10-05,1,,,,,"モデレーター",0
1583,7010603008498,01,1,2022-10-31,2020-08-18,"東京ＮＥＷ　ＥＮＥＲＧＹ合同会社",,305,"東京都","江東区","有明３丁目７番２６号有明フロンティアビルＢ棟９階",,13,108,1350063,,,,,,,2020-08-18,0,,,,,"トウキョウニュウエナジー",0
1584,7010603008498,12,0,2022-10-31,2022-10-27,"東京ＮＥＷ　ＥＮＥＲＧＹ合同会社",,305,"愛知県","名古屋市中区","正木２丁目３番２５号ユニーブル金山１２０２号",,23,106,4600024,,,,,,,2020-08-18,1,,,,,"トウキョウニュウエナジー",0
1585,7010701024372,01,1,2022-10-31,2015-10-05,"ティーステップコーポレーション株式会社",,301,"東京都","品川区","東品川２丁目２番２５－１４０２号",,13,109,1400002,,,,,,,2015-10-05,1,,,,,"ティーステップコーポレーション",0
1586,7010803002631,11,0,2022-10-31,2022-10-20,"合同会社ファイブリッチ",,305,"東京都","大田区","大森北２丁目１５番６号",,13,111,1430016,,,,,,,2018-03-29,1,,,,,,0
1587,7010901017936,12,0,2022-10-31,2022-10-27,"株式会社ファースト",,301,"東京都","世田谷区","上野毛１丁目７番１１号",,13,112,1580093,,,,,,,2015-10-05,1,,,,,"ファースト",0
1588,7010901025204,01,1,2022-10-31,2015-10-05,"株式会社コラボレイト",,301,"東京都","世田谷区","中町５丁目２５番１０号",,13,112,1580091,,,,,,,2015-10-05,0,,,,,"コラボレイト",0
1589,7010901025204,12,1,2022-10-31,2016-12-05,"株式会社コラボレイト",,301,"東京都","目黒区","中央町２丁目３５番１７号",,13,110,1520001,,,,,,,2015-10-05,1,,,,,"コラボレイト",0
1590,7010901051869,01,0,2022-10-31,2022-10-31,"株式会社Ｋ＆Ｋ",,301,"東京都","世田谷区","上野毛１丁目２１番１３号",,13,112,1580093,,,,,,,2022-10-31,1,,,,,"ケーアンドケー",0
1591,7011001011409,01,1,2022-10-31,2015-10-05,"株式会社ジャパンアートプランニングセンター",,301,"東京都","渋谷区","猿楽町１２番３６号",,13,113,1500033,,,,,,,2015-10-05,1,,,,,"ジャパンアートプランニングセンター",0
1592,7011001060439,12,0,2022-10-31,2022-10-20,"株式会社トリコットペンギン",,301,"東京都","渋谷区","宇田川町３－７フューリック渋谷公園通りビル５Ｆ－４９",,13,113,1500042,,,,,,,2015-10-05,1,,,,,,0
1593,7011001071023,12,0,2022-10-31,2022-10-27,"株式会社ビジネスリサーチラボ",,301,"東京都","目黒区","八雲２丁目２０番１２号",,13,110,1520023,,,,,,,2015-10-05,1,,,,,"ビジネスリサーチラボ",0
1594,7011001121091,21,0,2022-10-31,2022-10-18,"株式会社Ｓｐｅｃｔｒａ",,301,"東京都","渋谷区","道玄坂２丁目１０番地１２号新大宗ビル３号館７３１",,13,113,1500043,,,2022-10-18,01,,,2018-03-09,1,,,,,"スペクトラ",0
1595,7011001147302,11,0,2022-10-31,2022-10-17,"株式会社シーラバイオテック",,301,"東京都","渋谷区","広尾１丁目１番３９号",,13,113,1500012,,,,,,,2022-05-09,1,,,,,"シーラバイオテック",0
1596,7011001150537,01,0,2022-10-31,2022-10-31,"株式会社ドーナツプール",,301,"東京都","渋谷区","代官山町１７番１－１６０８号アドレス・ザ・タワー",,13,113,1500034,,,,,,,2022-10-31,1,,,,,"ドーナツプール",0
1597,7011001150594,01,0,2022-10-31,2022-10-31,"株式会社ＰＧインターナショナル",,301,"東京都","渋谷区","富ヶ谷１丁目１４番１４号４階",,13,113,1510063,,,,,,,2022-10-31,1,,,,,"ピージーインターナショナル",0
1598,7011002017347,21,0,2022-10-31,2022-10-20,"有限会社キルク城南",,302,"東京都","渋谷区","上原１丁目１５番７号",,13,113,1510064,,,2022-10-20,01,,,2015-10-05,1,,,,,"キルクジョウナン",0
1599,7011002026380,01,1,2022-10-31,2015-10-05,"有限会社ハニービー・インコーポレイテッド",,302,"東京都","渋谷区","千駄ヶ谷３丁目４０番１３号Ｍ＆Ｎ１階１０２号室",,13,113,1510051,,,,,,,2015-10-05,1,,,,,"ハニービーインコーポレイテッド",0
1600,7011101005054,01,1,2022-10-31,2015-10-05,"株式会社キス・ジヤパン",,301,"東京都","新宿区","西新宿１丁目２６番１号",,13,104,1600023,,,,,,,2015-10-05,1,,,,,"キスジヤパン",0
1601,7011101017090,21,0,2022-10-31,2022-10-19,"株式会社バウ計画設計",,301,"東京都","渋谷区","恵比寿南２丁目２６番１－７０２号",,13,113,1500022,,,2022-10-19,01,,,2015-10-05,1,,,,,"バウケイカクセッケイ",0
1602,7011101053813,01,1,2022-10-31,2015-10-05,"株式会社コモンズ",,301,"東京都","新宿区","西早稲田３丁目６番１４号",,13,104,1690051,,,,,,,2015-10-05,1,,,,,"コモンズ",0
1603,7011101061667,01,1,2022-10-31,2015-10-05,"株式会社野中ビジネスコンサルティング",,301,"東京都","新宿区","大久保３丁目８番１－１２１２号",,13,104,1690072,,,,,,,2015-10-05,1,,,,,"ノナカビジネスコンサルティング",0
1604,7011103012321,01,0,2022-10-31,2022-10-31,"合同会社すぬ",,305,"東京都","新宿区","西新宿３丁目３番１３号",,13,104,1600023,,,,,,,2022-10-31,1,,,,,"スヌ",0
1605,7011305002418,01,1,2022-10-31,2017-08-24,"一般社団法人ＢＰＩ管理",,399,"東京都","杉並区","南荻窪４丁目３５番２０号ゼネラルビル１０１号室",,13,115,1670052,,,,,,,2017-08-24,1,,,,,"ビーピーアイカンリ",0
1606,7011401016180,01,1,2022-10-31,2015-10-05,"株式会社エスシー",,301,"東京都","板橋区","栄町７番１７号",,13,119,1730015,,,,,,,2015-10-05,1,,,,,"エスシー",0
1607,7011401020620,12,0,2022-10-31,2022-10-26,"株式会社常磐木",,301,"神奈川県","逗子市","小坪５丁目２３番１０号リビエラ逗子マリーナ本館４１９号室",,14,208,2490008,,,,,,,2017-10-24,1,,,,,"トキワギ",0
1608,7011501028605,01,0,2022-10-31,2022-10-31,"株式会社一見",,301,"東京都","荒川区","東日暮里１丁目２７番４－２０２号岡本マンション",,13,118,1160014,,,,,,,2022-10-31,1,,,,,"イッケン",0
1609,7011503002830,01,1,2022-10-31,2015-11-12,"ｉｉｋｏ　ｏｆｆｉｃｅ合同会社",,305,"東京都","北区","岩淵町３８番２５－７０４号",,13,117,1150041,,,,,,,2015-11-12,0,,,,,"イイコオフィス",0
1610,7011503002830,12,0,2022-10-31,2022-10-26,"ｉｉｋｏ　ｏｆｆｉｃｅ合同会社",,305,"東京都","千代田区","内神田１丁目２番１５－９０５号",,13,101,1010047,,,,,,,2015-11-12,1,,,,,"イイコオフィス",0
1611,7011601022185,11,0,2022-10-31,2022-10-27,"株式会社コウ不動産",,301,"東京都","練馬区","豊玉北１丁目１５番２号",,13,120,1760012,,,,,,,2017-11-13,1,,,,,"コウフドウサン",0
1612,7011701017952,12,0,2022-10-31,2022-10-27,"株式会社日中構造研究所",,301,"東京都","中央区","築地４丁目２番７号フェニックス東銀座２０１号室",,13,102,1040045,,,,,,,2015-10-05,1,,,,,"ニッチュウコウゾウケンキュウジョ",0
1613,7011801006938,71,0,2022-10-31,2022-10-03,"株式会社カナイ",,301,"埼玉県","八潮市","大字西袋７１７番地１",,11,234,3400833,,,,,,"令和４年１０月１日大阪市住之江区柴谷二丁目５番８５号ＫＮフジニッテイ株式会社（5120001232113）を合併令和４年１０月１日奈良市北ノ庄西町一丁目１２番地の４株式会社六軒建装（6150001002784）を合併",2015-10-05,1,,,,,"カナイ",0
1614,7011801024428,01,1,2022-10-31,2015-10-05,"株式会社ＳＯＭＥＴＨＩＮＧ　ＮＥＷ",,301,"東京都","足立区","西新井１丁目１番６号",,13,121,1230841,,,,,,,2015-10-05,1,,,,,"サムシングニュー",0
1615,7011801041464,01,0,2022-10-31,2022-10-31,"株式会社バケツパレット",,301,"東京都","葛飾区","新小岩３丁目２８番１８号コーポぴいぷる２０２",,13,122,1240024,,,,,,,2022-10-31,1,,,,,"バケツパレット",0
1616,7011801041472,01,0,2022-10-31,2022-10-31,"株式会社Ｖｉｃｔｏｒｙ",,301,"東京都","葛飾区","奥戸８丁目１４番１７号",,13,122,1240022,,,,,,,2022-10-31,1,,,,,"ヴィクトリー",0
1617,7012401039799,01,0,2022-10-31,2022-10-31,"株式会社ｃｈｉｙｏｎｉｙａ",,301,"東京都","武蔵野市","吉祥寺本町２丁目１４番２８号",,13,203,1800004,,,,,,,2022-10-31,1,,,,,"チヨニヤ",0
1618,7012405004799,01,0,2022-10-31,2022-10-31,"一般社団法人アスヒロ",,399,"東京都","武蔵野市","関前５丁目５番２３号桜橋コートＢ２０２",,13,203,1800014,,,,,,,2022-10-31,1,,,,,"アスヒロ",0
1619,7012703002562,01,0,2022-10-31,2022-10-31,"偉興工業合同会社",,305,"東京都","西東京市","田無町４丁目１２番３号",,13,229,1880011,,,,,,,2022-10-31,1,,,,,"イコウコウギョウ",0
1620,7012705001653,21,0,2022-10-31,2022-10-25,"一般社団法人日本歯科矯正専門医学会",,399,"栃木県","真岡市","荒町２０９４番地１３",,09,209,3214305,,,2022-10-25,11,8010005015877,"令和４年１０月１日東京都港区新橋六丁目７番９号新橋アイランドビル公益総研内一般社団法人日本矯正歯科協会（8010005015877）に合併し解散",2015-10-05,1,,,,,"ニホンシカキョウセイセンモンイガッカイ",0
1621,7012801021919,01,0,2022-10-31,2022-10-31,"株式会社Ｓ＆Ｒ",,301,"東京都","東大和市","奈良橋５丁目８０３番地",,13,220,2070031,,,,,,,2022-10-31,1,,,,,"エスアンドアール",0
1622,7012803002909,01,0,2022-10-31,2022-10-31,"合同会社Ｈａｐｐｙｃｅｌｌ",,305,"東京都","立川市","上砂町５丁目５７番地の２アーバンヒルズ武蔵砂川４０１号",,13,202,1900032,,,,,,,2022-10-31,1,,,,,"ハッピーセル",0
1623,7013202004793,21,0,2022-10-31,2022-10-21,"日星産業株式会社",,301,"東京都","目黒区","柿の木坂１丁目１７番３号",,13,110,1520022,,,2022-10-21,01,,,2015-10-05,1,,,,,"ニッセイサンギョウ",0
1624,7013301042001,12,0,2022-10-31,2022-10-27,"林宣株式会社",,301,"埼玉県","鶴ヶ島市","脚折町１丁目３３－２－１０４号",,11,241,3502211,,,,,,,2018-03-22,1,,,,,"リンセン",0
1625,7013302004594,01,1,2022-10-31,2015-10-05,"有限会社仏教出版",,302,"東京都","練馬区","高野台５丁目３７番１８号",,13,120,1770033,,,,,,,2015-10-05,0,,,,,"ブッキョウシュッパン",0
1626,7013302004594,12,1,2022-10-31,2022-10-26,"有限会社仏教出版",,302,"東京都","練馬区","石神井町３丁目２５番２号",,13,120,1770041,,,,,,,2015-10-05,1,,,,,"ブッキョウシュッパン",0
1627,7013302009643,01,1,2022-10-31,2015-10-05,"有限会社ミタデザインオフィス",,302,"東京都","豊島区","東池袋３丁目１５番２号",,13,116,1700013,,,,,,,2015-10-05,1,,,,,"ミタデザインオフィス",0
1628,7020001010329,01,1,2022-10-31,2015-10-05,"東京鮫鰭食品株式会社",,301,"神奈川県","横浜市保土ケ谷区","岡沢町２７６番地",,14,106,2400062,,,,,,,2015-10-05,1,,,,,"トウキョウサメヒレショクヒン",0
1629,7020001058244,12,0,2022-10-31,2022-10-27,"モーションメディア株式会社",,301,"東京都","千代田区","丸の内１丁目８－２鉄鋼ビルディング４Ｆ",,13,101,1000005,,,,,,,2015-10-05,1,,,,,"モーションメディア",0
1630,7020001075487,01,1,2022-10-31,2015-10-05,"株式会社カンジュウ",,301,"神奈川県","川崎市多摩区","長沢４丁目１５番４号",,14,135,2140035,,,,,,,2015-10-05,0,,,,,"カンジュウ",0
1631,7020001075487,12,1,2022-10-31,2022-10-07,"株式会社カンジュウ",,301,"神奈川県","川崎市宮前区","潮見台１７番２０号",,14,136,2160013,,,,,,,2015-10-05,1,,,,,"カンジュウ",0
1632,7020001082112,12,0,2022-10-31,2022-10-20,"株式会社カイエン",,301,"東京都","渋谷区","千駄ヶ谷２丁目３番７号",,13,113,1510051,,,,,,,2015-10-05,1,,,,,"カイエン",0
1633,7020001148739,01,0,2022-10-31,2022-10-31,"Ｒｉｓｅ株式会社",,301,"神奈川県","横浜市緑区","北八朔町１４９５番地モンシャトーＥ１０１",,14,113,2260021,,,,,,,2022-10-31,1,,,,,"ライズ",0
1634,7020002020351,01,1,2022-10-31,2015-10-05,"有限会社ルミエール企画",,302,"神奈川県","横浜市港南区","日野５丁目１番１８号",,14,111,2340051,,,,,,,2015-10-05,1,,,,,"ルミエールキカク",0
1635,7020003022628,01,0,2022-10-31,2022-10-31,"合同会社ＭＴ　Ｎｅｔ’ｓ",,305,"神奈川県","横浜市都筑区","牛久保東２丁目７－１－２０１",,14,118,2240014,,,,,,,2022-10-31,1,,,,,"エムティネッツ",0
1636,7021001032759,01,1,2022-10-31,2015-10-05,"株式会社スウィンベル",,301,"神奈川県","小田原市","西大友２０８番地９",,14,206,2500212,,,,,,,2015-10-05,1,,,,,"スウィンベル",0
1637,7021001067549,01,1,2022-10-31,2019-06-17,"株式会社ｖａｃｈｉｂｉｒｏ",,301,"神奈川県","藤沢市","南藤沢２０－１７門倉ビル６－３階",,14,205,2510055,,,,,,,2019-06-17,0,,,,,"ヴァッチビロ",0
1638,7021001067549,12,0,2022-10-31,2022-10-26,"株式会社ｖａｃｈｉｂｉｒｏ",,301,"東京都","港区","高輪３丁目８番１４号",,13,103,1080074,,,,,,,2019-06-17,1,,,,,"ヴァッチビロ",0
1639,7021001077291,01,0,2022-10-31,2022-10-31,"株式会社クリエイティブエイト",,301,"神奈川県","厚木市","下川入８６７－１",,14,212,2430206,,,,,,,2022-10-31,1,,,,,"クリエイティブエイト",0
1640,7021002061352,12,0,2022-10-31,2022-10-26,"有限会社ジョイ・ワークス",,302,"神奈川県","平塚市","万田２丁目１１番３１号",,14,203,2540913,,,,,,,2015-10-05,1,,,,,,0
1641,7021002065361,01,1,2022-10-31,2015-10-05,"有限会社タカグチ",,302,"神奈川県","横須賀市","日の出町１丁目７番地１６よこすか法務ビル２Ｆ",,14,201,2380006,,,,,,,2015-10-05,1,,,,,"タカグチ",0
1642,7021003010300,12,0,2022-10-31,2022-10-26,"合同会社ＳＬＶ　ＴＥＣＨＮＩＣＡＬ",,305,"東京都","港区","南青山２丁目２番１５号ＷｉｎＡｏｙａｍａビルＵＣＦ６階",,13,103,1070062,,,,,,,2021-03-31,1,,,,,"エスエルブイテクニカル",0
1643,7021005005389,01,1,2022-10-31,2015-10-05,"公益財団法人相模原市健康福祉財団",,399,"神奈川県","相模原市南区","新磯野４丁目１番１号",,14,153,2520325,,,,,,,2015-10-05,1,,,,,,0
1644,7030001024922,01,1,2022-10-31,2015-10-05,"フジサービス株式会社",,301,"埼玉県","所沢市","大字上山口東ケ谷戸１９２１番地",,11,208,3591153,,,,,,,2015-10-05,0,,,,,"フジサービス",0
1645,7030001024922,12,1,2022-10-31,2017-01-25,"フジサービス株式会社",,301,"埼玉県","所沢市","大字山口２７０８番地の１",,11,208,3591145,,,,,,,2015-10-05,1,,,,,"フジサービス",0
1646,7030001070347,01,1,2022-10-31,2015-10-05,"株式会社クレインエイト",,301,"埼玉県","鶴ヶ島市","大字上広谷４３０番地１７",,11,241,3502203,,,,,,,2015-10-05,1,,,,,"クレインエイト",0
1647,7030001087143,01,1,2022-10-31,2015-10-05,"ユニオン興業株式会社",,301,"埼玉県","行田市","長野４丁目２１番地１４",,11,206,3610023,,,,,,,2015-10-05,1,,,,,"ユニオンコウギョウ",0
1648,7030001088612,01,1,2022-10-31,2015-10-05,"ホットアイテム株式会社",,301,"埼玉県","行田市","佐間１丁目１０番３号リアルスクエア１０１",,11,206,3610032,,,,,,,2015-10-05,1,,,,,"ホットアイテム",0
1649,7030001132304,12,0,2022-10-31,2022-10-24,"株式会社みどりの薬局",,301,"埼玉県","さいたま市浦和区","北浦和１丁目１７番７号",,11,107,3300074,,,,,,,2019-08-08,1,,,,,"ミドリノヤッキョク",0
1650,7030001150784,01,0,2022-10-31,2022-10-31,"株式会社ＮＥＸＴ　ＴＲＹ",,301,"埼玉県","熊谷市","上之１９８２番地５藤の宮桜井マンション東館２０２",,11,202,3600012,,,,,,,2022-10-31,1,,,,,"ネクストトライ",0
1651,7030002017735,12,0,2022-10-31,2022-10-19,"有限会社埼建美装",,302,"埼玉県","さいたま市西区","大字内野本郷３９１の１６番地",,11,101,3310045,,,,,,,2015-10-05,1,,,,,,0
1652,7030002023535,01,1,2022-10-31,2015-10-05,"有限会社アイ・エヌ包装資材",,302,"埼玉県","戸田市","上戸田４丁目１１番１７号",,11,224,3350022,,,,,,,2015-10-05,1,,,,,"アイエヌホウソウシザイ",0
1653,7030003020473,01,0,2022-10-31,2022-10-31,"ＲＡＩ　ＣＯＲＰＯＲＡＴＩＯＮ合同会社",,305,"埼玉県","川口市","戸塚南５丁目２３番２４号",,11,203,3330817,,,,,,,2022-10-31,1,,,,,"ライコーポレーション",0
1654,7030005003229,12,0,2022-10-31,2022-10-13,"医療法人ふたばの会",,399,"埼玉県","蕨市","中央１丁目１０番１１号シャロームわらび２階",,11,223,3350004,,,,,,,2015-10-05,1,,,,,"フタバノカイ",0
1655,7030005012725,21,0,2022-10-31,2022-10-21,"医療法人社団恵慈会",,399,"埼玉県","川口市","栄町１丁目１２番２１号シティデュオタワー川口２０９",,11,203,3320017,,,2022-10-21,01,,,2015-10-05,1,,,,,"ケイジカイ",0
1656,7030005021049,01,0,2022-10-31,2022-10-31,"入間インター物流協同組合",,399,"埼玉県","入間市","大字狭山台１８番地２",,11,225,3580033,,,,,,,2022-10-31,1,,,,,"イルマインターブツリュウ",0
1657,7040001056840,01,1,2022-10-31,2015-10-05,"斉藤建材株式会社",,301,"千葉県","市原市","青柳１丁目１４番地２シティキューブ青柳Ａ１０５",,12,219,2990102,,,,,,,2015-10-05,0,,,,,"サイトウケンザイ",0
1658,7040001056840,12,1,2022-10-31,2017-08-03,"斉藤建材株式会社",,301,"千葉県","市原市","島野１５４５番地１４",,12,219,2900034,,,,,,,2015-10-05,1,,,,,"サイトウケンザイ",0
1659,7040001073266,11,0,2022-10-31,2022-10-24,"株式会社玉川不動産",,301,"千葉県","茂原市","高師１７３５番地茂原ショッピングプラザアスモ２階",,12,210,2970029,,,,,,,2015-10-05,1,,,,,"タマガワフドウサン",0
1660,7040001102628,01,1,2022-10-31,2017-12-01,"株式会社コンティニューズ",,301,"千葉県","我孫子市","我孫子１丁目８番１４号",,12,222,2701166,,,,,,,2017-12-01,0,,,,,"コンティニューズ",0
1661,7040001102628,12,1,2022-10-31,2022-10-21,"株式会社コンティニューズ",,301,"千葉県","松戸市","本町１７番１１号芹澤ビル６Ｆ",,12,207,2710091,,,,,,,2017-12-01,1,,,,,"コンティニューズ",0
1662,7040001117188,12,0,2022-10-31,2022-10-21,"株式会社ＦＯＲＴＥ",,301,"千葉県","木更津市","畑沢南３丁目１６番１号",,12,206,2920826,,,,,,,2021-02-22,1,,,,,"フォルテ",0
1663,7040001125604,01,0,2022-10-31,2022-10-31,"株式会社未来ロボット",,301,"千葉県","習志野市","津田沼２丁目１７番１号",,12,216,2750016,,,,,,,2022-10-31,1,,,,,"ミライロボット",0
1664,7040001125612,01,0,2022-10-31,2022-10-31,"株式会社猫ノ手ゆずう",00128297,301,"千葉県","千葉市花見川区","横戸町１５６９番地２",,12,102,2620001,,,,,,,2022-10-31,1,,,,,"ネコノテユズウ",0
1665,7040001125620,01,0,2022-10-31,2022-10-31,"株式会社エルモクライム",,301,"千葉県","山武郡横芝光町","宮川１２１１６番地４",,12,410,2891727,,,,,,,2022-10-31,1,,,,,"エルモクライム",0
1666,7040001125629,01,0,2022-10-31,2022-10-31,"ＰａｒｔｎｅｒＨｕｂ株式会社",,301,"千葉県","千葉市中央区","中央２丁目８－２ヒューリックレジデンス千葉中央５０５",,12,101,2600013,,,,,,,2022-10-31,1,,,,,"パートナーハブ",0
1667,7040002006159,21,0,2022-10-31,2022-10-24,"有限会社スリーアイ",,302,"千葉県","千葉市花見川区","花園２丁目１４番４号",,12,102,2620025,,,2022-10-24,01,,,2015-10-05,1,,,,,"スリーアイ",0
1668,7040002045826,01,1,2022-10-31,2015-10-05,"有限会社Ｔ．Ｋ．テック．トラスト",,302,"千葉県","松戸市","古ケ崎４丁目３４６１番地の７",,12,207,2710068,,,,,,,2015-10-05,1,,,,,,0
1669,7040002061583,01,1,2022-10-31,2015-10-05,"有限会社マレイアソシエイツ",,302,"千葉県","佐倉市","稲荷台３丁目６番１９号",,12,212,2850864,,,,,,,2015-10-05,0,,,,,"マレイアソシエイツ",0
1670,7040002061583,12,1,2022-10-31,2017-02-24,"有限会社マレイアソシエイツ",,302,"千葉県","佐倉市","臼井台１２７７番地１０パレス臼井台１０２号",,12,212,2850866,,,,,,,2015-10-05,0,,,,,"マレイアソシエイツ",0
1671,7040002061583,12,1,2022-10-31,2022-10-21,"有限会社マレイアソシエイツ",,302,"千葉県","佐倉市","王子台３丁目１番地８うめやビル５０２",,12,212,2850837,,,,,,,2015-10-05,1,,,,,"マレイアソシエイツ",0
1672,7040003021066,01,1,2022-10-31,2022-10-17,"ＫＯＢＡＹＡＳＨＩ　ＭＯＴＯＲＳ合同会社",,305,"千葉県","山武市","松尾町借毛本郷２８９－１５３７",,12,237,2891537,,,,,,,2022-10-17,0,,,,,"コバヤシモータース",0
1673,7040003021066,12,1,2022-10-31,2022-10-20,"ＫＯＢＡＹＡＳＨＩ　ＭＯＴＯＲＳ合同会社",,305,"千葉県","山武市","松尾町借毛本郷２３００－１",,12,237,2891537,,,,,,,2022-10-17,1,,,,,"コバヤシモータース",0
1674,7040005011833,01,1,2022-10-31,2015-10-05,"賢徳寺",,399,"千葉県","匝瑳市","大堀６９８番地",,12,235,2892176,,,,,,,2015-10-05,1,,,,,"ケントクジ",0
1675,7040005021799,01,0,2022-10-31,2022-10-31,"協同組合空港圏サポート",,399,"千葉県","山武郡芝山町","宝馬６９番地６",,12,409,2891622,,,,,,,2022-10-31,1,,,,,"クウコウケンサポート",0
1676,7050001009814,21,0,2022-10-31,2022-10-24,"株式会社モナ",,301,"茨城県","土浦市","有明町２番３０号",,08,203,3000035,,,2022-10-24,01,,,2015-10-05,1,,,,,"モナ",0
1677,7050001014335,01,1,2022-10-31,2015-10-05,"Ｖ．Ｋ．Ｓ．オートジャパン株式会社",,301,"茨城県","坂東市","みむら６６２番地",,08,228,3060655,,,,,,,2015-10-05,1,,,,,"ブイケイエスオートジャパン",0
1678,7050001043714,21,0,2022-10-31,2022-10-24,"株式会社Ｎｅｗｔｅｃｈ",,301,"茨城県","古河市","水海２２５４番地５",,08,204,3060215,,,2022-10-24,01,,,2017-12-06,1,,,,,"ニューテック",0
1679,7050001051873,01,0,2022-10-31,2022-10-31,"株式会社ガザン",,301,"茨城県","石岡市","国府４丁目２番２４号",,08,205,3150014,,,,,,,2022-10-31,1,,,,,"ガザン",0
1680,7050002000103,01,1,2022-10-31,2015-10-05,"アスクウオーク有限会社",,302,"茨城県","水戸市","米沢町３２５番地１",,08,201,3100847,,,,,,,2015-10-05,1,,,,,"アスクウオーク",0
1681,7050003006966,01,0,2022-10-31,2022-10-31,"合同会社縁和",,305,"茨城県","水戸市","住吉町６２－１４",,08,201,3100844,,,,,,,2022-10-31,1,,,,,"エンワ",0
1682,7060003004283,01,0,2022-10-31,2022-10-31,"合同会社ＳＳサポート",,305,"栃木県","小山市","大字横倉５５１番地",,09,208,3230813,,,,,,,2022-10-31,1,,,,,"エスエスサポート",0
1683,7070001019266,01,1,2022-10-31,2015-10-05,"株式会社小森製作所",,301,"群馬県","太田市","東長岡町１８３４番地の１",,10,205,3730812,,,,,,,2015-10-05,0,,,,,"コモリセイサクジョ",0
1684,7070001019266,12,1,2022-10-31,2016-12-09,"株式会社小森製作所",,301,"群馬県","太田市","東新町７６１番地１",,10,205,3730015,,,,,,,2015-10-05,1,,,,,"コモリセイサクジョ",0
1685,7070001025066,01,1,2022-10-31,2015-10-05,"株式会社サンケイネクスト",,301,"群馬県","吾妻郡中之条町","大字上沢渡２１８２番地の４",,10,421,3770541,,,,,,,2015-10-05,1,,,,,"サンケイネクスト",0
1686,7070001025974,01,1,2022-10-31,2015-10-05,"株式会社Ｋ’ｓ不動産事務所",,301,"群馬県","前橋市","箱田町３４１番地１三華ビル１０３",,10,201,3710837,,,,,,,2015-10-05,0,,,,,"ケーズフドウサンジムショ",0
1687,7070001025974,12,1,2022-10-31,2016-10-11,"株式会社Ｋ’ｓ不動産事務所",,301,"群馬県","前橋市","古市町２丁目８番地４三華ビル１０３",,10,201,3710844,,,,,,,2015-10-05,1,,,,,"ケーズフドウサンジムショ",0
1688,7080101014414,01,1,2022-10-31,2015-10-05,"株式会社イシダ",,301,"静岡県","下田市","一丁目５番２１号",,22,219,4150021,,,,,,,2015-10-05,1,,,,,"イシダ",0
1689,7080102019040,21,0,2022-10-31,2022-10-27,"有限会社ディオクレス",,302,"静岡県","熱海市","桜町５番２号",,22,205,4130028,,,2022-10-27,01,,,2015-10-05,1,,,,,"ディオクレス",0
1690,7080401002325,21,0,2022-10-31,2022-10-27,"株式会社秀幸工設",,301,"静岡県","浜松市東区","植松町７０番地の５",,22,132,4300803,,,2022-10-27,01,,,2015-10-05,1,,,,,"シュウコウコウセツ",0
1691,7090001000281,01,1,2022-10-31,2015-10-05,"株式会社遠藤工業所",,301,"山梨県","甲府市","徳行５丁目１３番１号",,19,201,4000047,,,,,,,2015-10-05,1,,,,,"エンドウコウギョウショ",0
1692,7110001014931,01,1,2022-10-31,2015-10-05,"株式会社三協機設",,301,"新潟県","三条市","猪子場新田８４６番地２",,15,204,9591151,,,,,,,2015-10-05,1,,,,,"サンキョウキセツ",0
1693,7110001029327,01,1,2022-10-31,2015-10-05,"株式会社上田コンタクト",,301,"新潟県","新潟市中央区","浜浦町１丁目２５９番地",,15,103,9518151,,,,,,,2015-10-05,1,,,,,"ウエダコンタクト",0
1694,7110005009928,21,0,2022-10-31,2022-10-27,"医療法人社団塚田医院",,399,"新潟県","妙高市","柳井田町２丁目８番１６号",,15,217,9440008,,,2022-10-27,01,,,2015-10-05,1,,,,,"ツカダイイン",0
1695,7110005016866,01,0,2022-10-31,2022-10-31,"一般社団法人新潟錦鯉水槽飼育検定協会",,399,"新潟県","新潟市東区","空港西１丁目１５番８号",,15,102,9500036,,,,,,,2022-10-31,1,,,,,"ニイガタニシキゴイスイソウシイクケンテイキョウカイ",0
1696,7120001092209,01,1,2022-10-31,2015-10-05,"株式会社緑花苑",,301,"大阪府","大阪市住吉区","南住吉４丁目１５番１１－１２０４号",,27,120,5580041,,,,,,,2015-10-05,1,,,,,"リョッカエン",0
1697,7120001140636,01,1,2022-10-31,2015-10-05,"株式会社スイッチラボ",,301,"大阪府","大阪市北区","天満３丁目４番１０号",,27,127,5300043,,,,,,,2015-10-05,0,,,,,"スイッチラボ",0
1698,7120001140636,12,1,2022-10-31,2015-10-07,"株式会社スイッチラボ",,301,"東京都","渋谷区","神宮前３丁目２１番１６号",,13,113,1500001,,,,,,,2015-10-05,0,,,,,"スイッチラボ",0
1699,7120001140636,12,1,2022-10-31,2016-06-03,"株式会社スイッチラボ",,301,"東京都","港区","南青山２丁目１２番１６号",,13,103,1070062,,,,,,,2015-10-05,1,,,,,"スイッチラボ",0
1700,7120001143936,01,1,2022-10-31,2015-10-05,"株式会社ツチハシ",,301,"大阪府","大阪市平野区","長吉川辺３丁目２０番５号",,27,126,5470014,,,,,,,2015-10-05,1,,,,,"ツチハシ",0
1701,7120001172869,01,1,2022-10-31,2015-10-05,"株式会社関録",,301,"大阪府","大阪市北区","西天満５丁目１番１９号",,27,127,5300047,,,,,,,2015-10-05,1,,,,,"カンロク",0
1702,7120001232557,12,0,2022-10-31,2022-10-26,"Ｉｎｓｉｇｈｔ株式会社",,301,"大阪府","大阪市住吉区","墨江３丁目１７番１８号申野オフィス",,27,120,5580043,,,,,,,2020-10-19,1,,,,,"インサイト",0
1703,7120001247729,12,0,2022-10-31,2022-10-25,"タダヨシ産業株式会社",,301,"青森県","十和田市","大字洞内字後野１０５－２",,02,206,0340107,,,,,,,2022-08-03,1,,,,,"タダヨシサンギョウ",0
1704,7120001249849,01,0,2022-10-31,2022-10-31,"株式会社カツオザブリッチ",,301,"大阪府","大阪市中央区","南本町２丁目１－１本町サザンビル１ＦＴｈｅＤＥＣＫ内",,27,128,5410054,,,,,,,2022-10-31,1,,,,,"カツオザブリッチ",0
1705,7120001249857,01,0,2022-10-31,2022-10-31,"株式会社Ｇｒｅａｔ",,301,"大阪府","大阪市大正区","泉尾１丁目３９番９号",,27,108,5510031,,,,,,,2022-10-31,1,,,,,"グレイト",0
1706,7120001249865,01,0,2022-10-31,2022-10-31,"株式会社ＭＩＲＡＩＲＩＳ",,301,"大阪府","大阪市北区","梅田１丁目１番３号大阪駅前第３ビル２９階１－１－１号室",,27,127,5300001,,,,,,,2022-10-31,1,,,,,"ミライリス",0
1707,7120001249873,01,0,2022-10-31,2022-10-31,"ＢＩＧ　ＲＯＯＦ株式会社",,301,"大阪府","大阪市淀川区","東三国６丁目８番４号",,27,123,5320002,,,,,,,2022-10-31,1,,,,,"ビックルーフ",0
1708,7120001249881,01,0,2022-10-31,2022-10-31,"株式会社コンサルティングファーム",,301,"大阪府","大阪市天王寺区","大道１丁目１１番９号",,27,109,5430052,,,,,,,2022-10-31,1,,,,,"コンサルティングファーム",0
1709,7120001249907,01,0,2022-10-31,2022-10-31,"北浜ビジネスコンサルタント株式会社",,301,"大阪府","大阪市中央区","北浜２丁目１番３号北浜清友会館ビル",,27,128,5410041,,,,,,,2022-10-31,1,,,,,"キタハマビジネスコンサルタント",0
1710,7120101046642,01,1,2022-10-31,2015-10-05,"株式会社プリンセスドラッグ",,301,"大阪府","岸和田市","大町４丁目２５番４－１１０９号",,27,202,5960812,,,,,,,2015-10-05,1,,,,,"プリンセスドラッグ",0
1711,7120101066434,01,0,2022-10-31,2022-10-31,"株式会社ＮＯＭＡＮＥ　Ｆａｃｔｏｒｙ",,301,"大阪府","堺市西区","草部１２０３番地４",,27,144,5938312,,,,,,,2022-10-31,1,,,,,"ノマネファクトリー",0
1712,7120901017611,21,0,2022-10-31,2022-10-27,"宏佑アセット株式会社",,301,"大阪府","吹田市","円山町５番２５号",,27,205,5640061,,,2022-10-27,01,,,2015-10-05,1,,,,,"コウユウアセット",0
1713,7122001005926,21,0,2022-10-31,2022-10-26,"株式会社橋詰運送",,301,"大阪府","東大阪市","若江西新町２丁目７番８号",,27,227,5780944,,,2022-10-26,01,,,2015-10-05,1,,,,,"ハシヅメウンソウ",0
1714,7122001012022,71,0,2022-10-31,2022-10-07,"南大阪フジキン株式会社",,301,"大阪府","東大阪市","長田３丁目９番２１号",,27,227,5770015,,,,,,"令和４年１０月１日大阪市西区立売堀二丁目３番２号ジャパンハイテック株式会社（1120001055872）を合併",2015-10-05,1,,,,,"ミナミオオサカフジキン",0
1715,7130001034969,01,1,2022-10-31,2015-10-05,"山下石油株式会社",,301,"京都府","南丹市","園部町美園町７号１４番地の５",,26,213,6220002,,,,,,,2015-10-05,1,,,,,"ヤマシタセキユ",0
1716,7130003008269,01,0,2022-10-31,2022-10-31,"合同会社啓斗",,305,"京都府","京都市下京区","仏光寺通柳馬場西入東前町４０８番地の１",,26,106,6008074,,,,,,,2022-10-31,1,,,,,"ケイト",0
1717,7140001032856,01,1,2022-10-31,2015-10-05,"株式会社政栄",,301,"兵庫県","神戸市兵庫区","湊川町２丁目４－５ピースコートＩＩ１０２",00039417,28,105,6520041,,,,,,,2015-10-05,1,,,,,"セイエイ",0
1718,7140001082199,01,1,2022-10-31,2015-10-05,"作南殖産株式会社",,301,"兵庫県","宝塚市","中山台２丁目１番７号",,28,214,6650876,,,,,,,2015-10-05,1,,,,,"サクナンショクサン",0
1719,7140001088329,01,1,2022-10-31,2015-10-05,"株式会社Ｆ・Ｌｉｎｅ",,301,"兵庫県","神戸市兵庫区","駅南通５丁目１番２－３２０６号",,28,105,6520897,,,,,,,2015-10-05,1,,,,,"エフライン",0
1720,7140001127821,01,0,2022-10-31,2022-10-31,"日本シルバー企画株式会社",,301,"兵庫県","三田市","駅前町６番１８号",,28,219,6691528,,,,,,,2022-10-31,1,,,,,"ニホンシルバーキカク",0
1721,7150002000968,01,1,2022-10-31,2015-10-05,"有限会社青林",,302,"奈良県","奈良市","四条大路２丁目３番５０－４号",,29,201,6308014,,,,,,,2015-10-05,0,,,,,"セイリン",0
1722,7150002000968,12,1,2022-10-31,2019-04-04,"有限会社青林",,302,"奈良県","奈良市","白毫寺町８３５番地１大和紀寺ビル２号館２０２号室",,29,201,6308302,,,,,,,2015-10-05,1,,,,,"セイリン",0
1723,7160001000951,01,1,2022-10-31,2015-10-05,"株式会社新羅",,301,"滋賀県","大津市","今堅田２丁目１７番５号",,25,201,5200241,,,,,,,2015-10-05,1,,,,,"シンラ",0
1724,7160001024595,01,0,2022-10-31,2022-10-31,"株式会社Ｓ．Ｃｏｎｃｅｐｔ",,301,"滋賀県","大津市","松陽３丁目９番５号",,25,201,5202135,,,,,,,2022-10-31,1,,,,,"エスコンセプト",0
1725,7160005010105,12,0,2022-10-31,2022-10-26,"一般社団法人全日本ふぐ協会",,399,"滋賀県","野洲市","小篠原８２４番地２",,25,210,5202331,,,,,,,2015-10-05,1,,,,,"ゼンニホンフグキョウカイ",0
1726,7180001043321,01,1,2022-10-31,2015-10-05,"プランナップネットワーク株式会社",,301,"愛知県","名古屋市昭和区","川名町５丁目２２番地",,23,107,4660856,,,,,,,2015-10-05,1,,,,,,0
1727,7180001056711,01,1,2022-10-31,2015-10-05,"株式会社ＫＣＳＢ",,301,"愛知県","日進市","藤塚１丁目３０番地",,23,230,4700117,,,,,,,2015-10-05,1,,,,,"ケーシーエスビー",0
1728,7180001102259,01,1,2022-10-31,2015-10-05,"株式会社ＭＥＤＩＣＡＬ　ＣＯＭＭＯＮＳ",,301,"愛知県","名古屋市瑞穂区","松栄町１丁目４１番地１",,23,108,4670025,,,,,,,2015-10-05,1,,,,,"メディカルコモンズ",0
1729,7180001135333,12,0,2022-10-31,2022-10-27,"株式会社日興イノベーシア",,301,"愛知県","名古屋市東区","白壁１丁目４５番地白壁ビル",,23,102,4610011,,,,,,,2019-02-01,1,,,,,"ニッコウイノベーシア",0
1730,7180001136439,12,0,2022-10-31,2022-10-26,"株式会社フラックススタジオ",,301,"愛知県","名古屋市中川区","山王３丁目１５番１７号",,23,110,4540011,,,,,,,2019-05-13,1,,,,,"フラックススタジオ",0
1731,7180001153541,01,0,2022-10-31,2022-10-31,"大永興産株式会社",,301,"愛知県","日進市","岩崎町神明１４４番地２８",,23,230,4700131,,,,,,,2022-10-31,1,,,,,"ダイエイコウサン",0
1732,7180001153558,01,0,2022-10-31,2022-10-31,"株式会社リード",,301,"愛知県","一宮市","今伊勢町馬寄字北塚本１２番地３",,23,203,4910051,,,,,,,2022-10-31,1,,,,,"リード",0
1733,7180001153566,01,0,2022-10-31,2022-10-31,"株式会社Ｍ＆Ｈ",,301,"愛知県","名古屋市中区","橘１丁目２８番１６号",,23,106,4600016,,,,,,,2022-10-31,1,,,,,"エムアンドエイチ",0
1734,7180001153574,01,0,2022-10-31,2022-10-31,"株式会社ＡＨシーリング",,301,"愛知県","名古屋市西区","野南町１２９番地",,23,104,4520847,,,,,,,2022-10-31,1,,,,,"エーエイチシーリング",0
1735,7180001153590,01,0,2022-10-31,2022-10-31,"株式会社テンコート",,301,"愛知県","稲沢市","下津北山１丁目３番地プレミアムフォート稲沢８１５号",,23,220,4928094,,,,,,,2022-10-31,1,,,,,"テンコート",0
1736,7180002000379,01,1,2022-10-31,2015-10-05,"有限会社勝製畳所",,302,"愛知県","名古屋市守山区","大森５丁目２９０８番地",,23,113,4630021,,,,,,,2015-10-05,1,,,,,"カツセイジョウショ",0
1737,7180002073631,21,0,2022-10-31,2022-10-26,"有限会社アサヒ設備設計",,302,"愛知県","尾張旭市","東山町２丁目１１番地６",,23,226,4880825,,,2022-10-26,01,,,2015-10-05,1,,,,,"アサヒセツビセッケイ",0
1738,7180003024410,01,0,2022-10-31,2022-10-31,"ＡＳＥＭ合同会社",,305,"愛知県","小牧市","城山１丁目６番地３",,23,219,4850812,,,,,,,2022-10-31,1,,,,,"アセム",0
1739,7180003024419,01,0,2022-10-31,2022-10-31,"合同会社ＫＦＫ",,305,"愛知県","名古屋市昭和区","陶生町１丁目１２－２",,23,107,4660026,,,,,,,2022-10-31,1,,,,,"ケーエフケー",0
1740,7180301002043,01,1,2022-10-31,2015-10-05,"藪田石油株式会社",,301,"愛知県","半田市","稲穂町９丁目１番地",,23,205,4750011,,,,,,,2015-10-05,1,,,,,"ヤブタセキユ",0
1741,7180301013107,21,0,2022-10-31,2022-10-27,"天神観光株式会社",,301,"大阪府","大阪市北区","天神橋１丁目１９番６号",,27,127,5300041,,,2022-10-27,01,,,2015-10-05,1,,,,,"テンジンカンコウ",0
1742,7200001013081,12,0,2022-10-31,2022-10-24,"株式会社ＶＩＳＩＯＮ",,301,"愛知県","一宮市","木曽川町黒田字北宿二の切７２番地",,23,203,4930001,,,,,,,2015-10-05,1,,,,,"ヴィジョン",0
1743,7200001027882,01,1,2022-10-31,2015-10-05,"株式会社あんしんケアセンター",,301,"岐阜県","下呂市","金山町金山２１３６番地１",,21,220,5091622,,,,,,,2015-10-05,1,,,,,"アンシンケアセンター",0
1744,7200001029177,01,1,2022-10-31,2015-10-05,"桝屋農事株式会社",,301,"岐阜県","瑞穂市","美江寺６２７番地の１",,21,216,5010312,,,,,,,2015-10-05,1,,,,,"マスヤノウジ",0
1745,7220002003625,21,0,2022-10-31,2022-10-26,"有限会社高田知幸商店",,302,"石川県","金沢市","長土塀２丁目１０番５号",,17,201,9200867,,,2022-10-26,01,,,2015-10-05,1,,,,,"タカタトモユキショウテン",0
1746,7230001018631,12,0,2022-10-31,2022-10-19,"ＴＭサービス株式会社",,301,"富山県","射水市","三ケ２５７２番地４山崎ビル１Ｆ",,16,211,9390341,,,,,,,2021-01-14,1,,,,,"ティーエムサービス",0
1747,7230002003789,01,1,2022-10-31,2015-10-05,"有限会社雄峰商事",,302,"富山県","富山市","上赤江町２丁目１０番１３号",,16,201,9300816,,,,,,,2015-10-05,1,,,,,"ユウホウショウジ",0
1748,7230003001924,01,0,2022-10-31,2022-10-31,"ＴＵＹＥＮ　ＱＵＡＮＧ　ＳＨＯＰ合同会社",,305,"富山県","富山市","荒川新町１番７９－１０４号ビレッジハウス荒川１棟",,16,201,9300984,,,,,,,2022-10-31,1,,,,,"トゥエンクアンショップ",0
1749,7240001044189,21,0,2022-10-31,2022-10-28,"株式会社小林フードサービス",,301,"広島県","安芸郡府中町","浜田３丁目８番２０号",,34,302,7350013,,,2022-10-28,01,,,2015-10-05,1,,,,,"コバヤシフードサービス",0
1750,7240002044816,01,1,2022-10-31,2015-10-05,"ワイエスディー有限会社",,302,"広島県","福山市","川口町２丁目１８番１５号",,34,207,7200822,,,,,,,2015-10-05,1,,,,,"ワイエスディー",0
1751,7250001010883,01,1,2022-10-31,2015-10-05,"キューブデザイン株式会社",,301,"山口県","下松市","琴平町２丁目９番２号",,35,207,7440003,,,,,,,2015-10-05,1,,,,,"キューブデザイン",0
1752,7260001003523,01,1,2022-10-31,2015-10-05,"株式会社スギノ",,301,"岡山県","岡山市北区","西古松１丁目２８番２５号",,33,101,7000927,,,,,,,2015-10-05,1,,,,,"スギノ",0
1753,7280001005550,01,1,2022-10-31,2015-10-05,"株式会社辰巳屋",,301,"島根県","出雲市","湖陵町差海５２２番地",,32,203,6990811,,,,,,,2015-10-05,1,,,,,"タツミヤ",0
1754,7290001051412,01,1,2022-10-31,2015-10-05,"株式会社井上園芸",,301,"福岡県","久留米市","田主丸町牧１２４５番地１",,40,203,8391224,,,,,,,2015-10-05,1,,,,,"イノウエエンゲイ",0
1755,7290001052303,21,0,2022-10-31,2022-10-26,"株式会社人財は宝",,301,"福岡県","糸島市","前原東３丁目１６番１２号",,40,230,8191119,,,2022-10-26,01,,,2015-10-05,1,,,,,"ジンザイハタカラ",0
1756,7290001092282,12,0,2022-10-31,2022-10-26,"株式会社ｓｕｕｕ",,301,"福岡県","福岡市中央区","今泉２丁目１－３５－５０３",,40,133,8100021,,,,,,,2021-03-10,1,,,,,"スウ",0
1757,7290001099360,01,0,2022-10-31,2022-10-31,"株式会社＿",00128295,301,"福岡県","福岡市東区","下原４丁目５－８－３１２号",,40,131,8130002,,,,,,,2022-10-31,1,,,,,"シン",0
1758,7290001099369,01,0,2022-10-31,2022-10-31,"徳住工業株式会社",00128294,301,"福岡県","八女市","今福１０５７番地６",,40,210,8340061,,,,,,,2022-10-31,1,,,,,"トクズミコウギョウ",0
1759,7290001099377,01,0,2022-10-31,2022-10-31,"株式会社グリーンハート",,301,"福岡県","朝倉市","中原３８７番地３",,40,228,8380056,,,,,,,2022-10-31,1,,,,,"グリーンハート",0
1760,7290002033368,01,1,2022-10-31,2015-10-05,"有限会社山翔産業",,302,"福岡県","糸島市","前原中央３丁目３番２４号メヌエット前原駅前１３０３号",,40,230,8191116,,,,,,,2015-10-05,0,,,,,"ヤマショウサンギョウ",0
1761,7290002033368,12,1,2022-10-31,2022-10-26,"有限会社山翔産業",,302,"福岡県","糸島市","南風台７丁目８番７号",,40,230,8191137,,,,,,,2015-10-05,1,,,,,"ヤマショウサンギョウ",0
1762,7290003013121,01,0,2022-10-31,2022-10-31,"合同会社桃太郎",,305,"福岡県","糟屋郡新宮町","湊坂５丁目２－９",,40,345,8110114,,,,,,,2022-10-31,1,,,,,"モモタロウ",0
1763,7290801028997,01,0,2022-10-31,2022-10-31,"株式会社佐伯コーポレーション",,301,"福岡県","北九州市若松区","大池町７番２号",,40,103,8080061,,,,,,,2022-10-31,1,,,,,"サエキコーポレーション",0
1764,7300001004681,01,1,2022-10-31,2015-10-05,"Ｋ．Ｊ．Ｃ株式会社",,301,"佐賀県","嬉野市","嬉野町大字下宿乙２３００番地８",,41,209,8430301,,,,,,,2015-10-05,1,,,,,"ケージェーシー",0
1765,7310002002931,01,1,2022-10-31,2015-10-05,"有限会社大同商事",,302,"長崎県","長崎市","北栄町９番２号",,42,201,8528063,,,,,,,2015-10-05,1,,,,,"ダイドウショウジ",0
1766,7330001010025,01,1,2022-10-31,2015-10-05,"株式会社ホワイトトップ",,301,"熊本県","菊池郡大津町","大字引水８００番地２",,43,403,8691234,,,,,,,2015-10-05,1,,,,,"ホワイトトップ",0
1767,7340001012978,01,1,2022-10-31,2015-10-05,"石川会計事務所株式会社",,301,"鹿児島県","日置市","伊集院町猪鹿倉１０３番地１",,46,216,8992505,,,,,,,2015-10-05,0,,,,,,0
1768,7340001012978,11,1,2022-10-31,2019-02-22,"窪田会計事務所株式会社",,301,"鹿児島県","日置市","伊集院町猪鹿倉１０３番地１",,46,216,8992505,,,,,,,2015-10-05,1,,,,,"クボタカイケイジムショ",0
1769,7340001015147,01,1,2022-10-31,2015-10-05,"株式会社シゼン",,301,"鹿児島県","曽於市","財部町下財部１６１１番地２",,46,217,8994103,,,,,,,2015-10-05,1,,,,,"シゼン",0
1770,7340001015898,01,1,2022-10-31,2015-10-05,"株式会社ｋａ．３．ｋｉｒｉ",,301,"鹿児島県","奄美市","名瀬伊津部町２０－４－１０４",,46,222,8940021,,,,,,,2015-10-05,1,,,,,"カミキリ",0
1771,7340001016236,01,1,2022-10-31,2015-10-05,"株式会社ひなた",,301,"鹿児島県","いちき串木野市","中尾町８番地",,46,219,8960012,,,,,,,2015-10-05,1,,,,,"ヒナタ",0
1772,7350001010304,01,1,2022-10-31,2015-10-05,"株式会社とほく整骨院いずみ",,301,"宮崎県","都城市","都北町１０９８番地６",,45,202,8850004,,,,,,,2015-10-05,1,,,,,"トホクセイコツインイズミ",0
1773,7350002008545,12,0,2022-10-31,2022-10-25,"有限会社ケアサービスあじさい",,302,"宮崎県","宮崎市","大字広原７９３番地１０",,45,201,8800125,,,,,,,2015-10-05,1,,,,,,0
1774,7360002021118,21,0,2022-10-31,2022-10-24,"有限会社川武建設",,302,"沖縄県","石垣市","字平得７４９番地の９２",,47,207,9070003,,,2022-10-24,01,,,2015-10-05,1,,,,,"カワタケケンセツ",0
1775,7370001049183,01,0,2022-10-31,2022-10-31,"株式会社２ｓｉｂ",,301,"宮城県","仙台市宮城野区","自由ケ丘５番２１号",,04,102,9830831,,,,,,,2022-10-31,1,,,,,"ツーシブ",0
1776,7370002005103,01,1,2022-10-31,2015-10-05,"有限会社坂本椅子製作所",,302,"宮城県","仙台市若林区","蒲町字南１６番地の１",,04,103,9840037,,,,,,,2015-10-05,0,,,,,"サカモトイスセイサクジョ",0
1777,7370002005103,12,1,2022-10-31,2018-08-15,"有限会社坂本椅子製作所",,302,"宮城県","仙台市若林区","荒井１丁目３番地の２０",,04,103,9840032,,,,,,,2015-10-05,1,,,,,"サカモトイスセイサクジョ",0
1778,7370201003691,01,1,2022-10-31,2015-10-05,"株式会社メタルパークみやぎ",,301,"宮城県","栗原市","若柳字下畑岡峯２１６番地１",,04,213,9895503,,,,,,,2015-10-05,1,,,,,"メタルパークミヤギ",0
1779,7370602003324,21,0,2022-10-31,2022-10-21,"有限会社武田工業",,302,"宮城県","多賀城市","山王字山王一区１番地",,04,209,9850852,,,2022-10-21,01,,,2015-10-05,1,,,,,"タケダコウギョウ",0
1780,7370802000674,21,0,2022-10-31,2022-10-20,"有限会社安田観光",,302,"宮城県","名取市","増田７丁目７番７号",,04,207,9811224,,,2022-10-20,01,,,2015-10-05,1,,,,,"ヤスダカンコウ",0
1781,7380001008394,01,1,2022-10-31,2015-10-05,"株式会社東北木工所",,301,"福島県","郡山市","栄町７番３号",,07,203,9638872,,,,,,,2015-10-05,1,,,,,"トウホクモッコウショ",0
1782,7380001029366,12,0,2022-10-31,2022-10-26,"株式会社浪江バイオマスチップ製作所",,301,"福島県","双葉郡浪江町","大字立野字春卯野１４９番地４",,07,547,9791501,,,,,,,2018-08-13,1,,,,,"ナミエバイオマスチップセイサクジョ",0
1783,7380001033211,01,0,2022-10-31,2022-10-31,"株式会社ＳＯＲＡ",,301,"福島県","福島市","飯坂町平野字北原５番地の１９",,07,201,9600231,,,,,,,2022-10-31,1,,,,,"ソラ",0
1784,7380002001539,01,1,2022-10-31,2015-10-05,"有限会社サトー物産",,302,"福島県","福島市","渡利字高谷１１番地の３",,07,201,9608141,,,,,,,2015-10-05,1,,,,,"サトーブッサン",0
1785,7380002029984,12,0,2022-10-31,2022-10-26,"有限会社コジマ・コーポレーション",,302,"福島県","双葉郡楢葉町","大字下繁岡字林東４１番地",,07,542,9790602,,,,,,,2015-10-05,1,,,,,,0
1786,7380003005308,01,0,2022-10-31,2022-10-31,"合同会社暮らしＰＬＵＳ",,305,"福島県","福島市","中荒子３６番地の１４",,07,201,9608216,,,,,,,2022-10-31,1,,,,,,0
1787,7380005000100,01,1,2022-10-31,2015-10-05,"公益社団法人福島県青果物価格補償協会",,399,"福島県","福島市","飯坂町平野字三枚長１番地１",,07,201,9600231,,,,,,,2015-10-05,1,,,,,"フクシマケンセイカブツカカクホショウキョウカイ",0
1788,7380005000686,01,1,2022-10-31,2015-10-05,"永仁寺",,399,"福島県","福島市","松川町金沢字明内３２番地",,07,201,9601246,,,,,,,2015-10-05,1,,,,,"エイニンジ",0
1789,7420001012210,01,1,2022-10-31,2015-10-05,"株式会社一組",,301,"青森県","上北郡野辺地町","字助佐小路４５番地１",,02,401,0393114,,,,,,,2015-10-05,1,,,,,"ハジメグミ",0
1790,7420001018050,01,0,2022-10-31,2022-10-31,"株式会社スマートほけんサービス",,301,"青森県","むつ市","中央２丁目３０番１９号",,02,208,0350073,,,,,,,2022-10-31,1,,,,,"スマートホケンサービス",0
1791,7420005004749,12,0,2022-10-31,2022-10-24,"伝統工芸津軽漆器協同組合",,399,"青森県","弘前市","大字茂森町８２番地",,02,202,0368217,,,,,,,2015-10-05,1,,,,,"デントウコウゲイツガルシッキ",0
1792,7430001037363,12,0,2022-10-31,2022-10-20,"株式会社フジ企画設計",,301,"北海道","札幌市東区","北二十四条東１６丁目１番７－７００号",,01,103,0650024,,,,,,,2015-10-05,1,,,,,"フジキカクセッケイ",0
1793,7430001041142,01,1,2022-10-31,2015-10-05,"株式会社Ｔ＆Ｓ",,301,"北海道","札幌市豊平区","月寒東二条１２丁目８番５号",,01,105,0620052,,,,,,,2015-10-05,0,,,,,"ティーアンドエス",0
1794,7430001041142,12,1,2022-10-31,2022-10-20,"株式会社Ｔ＆Ｓ",,301,"北海道","札幌市豊平区","月寒西四条８丁目１番１１号",,01,105,0620024,,,,,,,2015-10-05,1,,,,,"ティーアンドエス",0
1795,7430001081782,11,0,2022-10-31,2022-10-21,"株式会社一丈",,301,"北海道","千歳市","旭ケ丘２丁目５番１７号",,01,224,0660018,,,,,,,2020-06-30,1,,,,,"イチジョウ",0
1796,7430001083820,12,0,2022-10-31,2022-10-20,"株式会社福井建装",,301,"北海道","札幌市北区","新琴似八条１４丁目８番２号",,01,102,0010908,,,,,,,2021-04-07,1,,,,,"フクイケンソウ",0
1797,7450001010450,01,1,2022-10-31,2015-10-05,"株式会社フラワーショップとやま",,301,"北海道","旭川市","東六条１丁目２番２１号",,01,204,0700026,,,,,,,2015-10-05,1,,,,,"フラワーショップトヤマ",0
1798,7460002002743,12,0,2022-10-31,2022-10-27,"有限会社松並商事",,302,"北海道","釧路市","南大通２丁目１番１６５号",,01,206,0850841,,,,,,,2015-10-05,0,,,,,"マツナミショウジ",0
1799,7460002002743,11,0,2022-10-31,2022-10-27,"有限会社百花",,302,"北海道","釧路市","南大通２丁目１番１６５号",,01,206,0850841,,,,,,,2015-10-05,1,,,,,"ヒャッカ",0
1800,7480005005477,01,1,2022-10-31,2015-10-05,"社会福祉法人愛泉会",,399,"徳島県","三好郡東みよし町","加茂２０４０番地",,36,489,7794701,,,,,,,2015-10-05,1,,,,,"アイセンカイ",0
1801,7500002007886,01,1,2022-10-31,2015-10-05,"有限会社エバーシンス",,302,"愛媛県","松山市","太山寺町２３１３番地１２",,38,201,7992662,,,,,,,2015-10-05,1,,,,,"エバーシンス",0
1802,7500005005706,21,0,2022-10-31,2022-10-27,"医療法人加地医院",,399,"愛媛県","四国中央市","三島中央３丁目１１番６号",,38,213,7990405,,,2022-10-27,01,,,2015-10-05,1,,,,,"カジイイン",0
1803,7700150001852,11,0,2022-10-31,2021-12-31,"Ｐｌａｉｎ　Ｎａｍｅｃｏ　Ｌｉｍｉｔｅｄ",,401,"東京都","千代田区","霞が関３丁目２－６東京倶楽部ビルディング６階　ロイズジャパン株式会社内",,13,101,1000013,"Ｏｎｅ　Ｌｉｍｅ　Ｓｔｒｅｅｔ　Ｌｏｎｄｏｎ　ＥＣ３Ｍ　７ＨＡ　ＵＫ",,,,,,2015-10-09,1,,,,,"プレインネームコリミテツド",0
1804,7700150002330,11,0,2022-10-31,2021-12-31,"Ａｒｃｈ　Ｃｏｒｐｏｒａｔｅ　Ｍｅｍｂｅｒ　Ｌｉｍｉｔｅｄ",,401,"東京都","千代田区","霞が関３丁目２－６東京倶楽部ビルディング６階　ロイズジャパン株式会社内",,13,101,1000013,"Ｏｎｅ　Ｌｉｍｅ　Ｓｔｒｅｅｔ　Ｌｏｎｄｏｎ　ＥＣ３Ｍ　７ＨＡ　ＵＫ",,,,,,2015-10-09,1,,,,,"アーチコーポレートメンバーリミテツド",0
1805,7700150003824,12,0,2022-10-31,2022-10-11,"日本商品先物振興協会",,499,"東京都","中央区","日本橋人形町１丁目１－１１日庄ビル６階",,13,102,1030013,,,,,,,2015-10-09,1,,,,,"ニホンシヨウヒンサキモノシンコウキヨウカイ",0
1806,7700150112146,01,0,2022-10-31,2022-10-14,"子どもアドボカシー学会",,499,"大阪府","堺市堺区","新町２番４号小山電ビル２Ｆ",,27,141,5900079,,,,,,,2022-10-14,1,,,,,"コドモアドボカシーガツカイ",0
1807,8010001060290,12,0,2022-10-31,2022-10-27,"ランバンジャパン株式会社",,301,"東京都","中央区","銀座５丁目４番７号",,13,102,1040061,,,,,,,2015-10-05,1,,,,,"ランバンジャパン",0
1808,8010001112793,01,1,2022-10-31,2015-10-05,"ガンプネットワークス株式会社",,301,"東京都","千代田区","九段北１丁目２番地６－２０５号",,13,101,1020073,,,,,,,2015-10-05,0,,,,,"ガンプネットワークス",0
1809,8010001112793,12,1,2022-10-31,2016-01-14,"ガンプネットワークス株式会社",,301,"東京都","中央区","東日本橋２丁目２３番１３－３０２号",,13,102,1030004,,,,,,,2015-10-05,0,,,,,"ガンプネットワークス",0
1810,8010001112793,12,1,2022-10-31,2017-10-18,"ガンプネットワークス株式会社",,301,"東京都","中央区","日本橋馬喰町１丁目１１番９－１００２号",,13,102,1030002,,,,,,,2015-10-05,1,,,,,"ガンプネットワークス",0
1811,8010001164273,12,0,2022-10-31,2022-10-27,"株式会社ＪＳＯエンタープライス",,301,"東京都","港区","赤坂９丁目６番３０号乃木坂プレース２０２",,13,103,1070052,,,,,,,2015-10-05,1,,,,,"ジェイエスオーエンタープライス",0
1812,8010001164447,12,0,2022-10-31,2022-10-27,"不動産・相続問題研究所株式会社",,301,"東京都","豊島区","南大塚３丁目３８番３号",,13,116,1700005,,,,,,,2015-10-05,1,,,,,"フドウサンソウゾクモンダイケンキュウジョ",0
1813,8010001167417,01,1,2022-10-31,2015-10-05,"株式会社ＰＳカンパニー",,301,"東京都","中央区","佃１丁目１１番７号２６０１",,13,102,1040051,,,,,,,2015-10-05,0,,,,,"ピーエスカンパニー",0
1814,8010001167417,12,1,2022-10-31,2016-02-22,"株式会社ＰＳカンパニー",,301,"東京都","港区","浜松町２丁目２番５号",,13,103,1050013,,,,,,,2015-10-05,0,,,,,"ピーエスカンパニー",0
1815,8010001167417,12,1,2022-10-31,2022-10-11,"株式会社ＰＳカンパニー",,301,"東京都","港区","浜松町１丁目２－１５",,13,103,1050013,,,,,,,2015-10-05,1,,,,,"ピーエスカンパニー",0
1816,8010001212189,12,0,2022-10-31,2022-10-20,"吉日商店株式会社",,301,"埼玉県","春日部市","西金野井２９０－１",,11,214,3440112,,,,,,,2020-09-10,1,,,,,"キチジツショウテン",0
1817,8010001216792,12,0,2022-10-31,2022-10-25,"ＭＯＫＯＲＩＴＡ株式会社",,301,"東京都","豊島区","西巣鴨１丁目２３番１１号",,13,116,1700001,,,,,,,2021-03-24,1,,,,,"モコリタ",0
1818,8010001218459,12,0,2022-10-31,2022-10-25,"株式会社オメガエース",,301,"東京都","千代田区","麹町４丁目５番２０号ＫＳビル８階",,13,101,1020083,,,,,,,2021-05-31,1,,,,,"オメガエース",0
1819,8010002016341,11,0,2022-10-31,2022-10-26,"合同会社アスターハウス",,305,"東京都","中央区","銀座７丁目７番６号",,13,102,1040061,,,,,,,2015-10-05,1,,,,,"アスターハウス",0
1820,8010002019039,01,1,2022-10-31,2015-10-05,"有限会社金太朗",,302,"東京都","中央区","銀座８丁目７番１１号",,13,102,1040061,,,,,,,2015-10-05,0,,,,,"キンタロウ",0
1821,8010002019039,12,1,2022-10-31,2018-02-14,"有限会社金太朗",,302,"東京都","中央区","銀座８丁目６番１１号",,13,102,1040061,,,,,,,2015-10-05,1,,,,,"キンタロウ",0
1822,8010003026711,12,0,2022-10-31,2022-10-13,"ＳＭＣＰ合同会社",,305,"東京都","港区","赤坂１丁目１１番４４号赤坂インターシティ５階Ｍａｚａｒｓ・Ｊａｐａｎ株式会社内",,13,103,1070052,,,,,,,2018-01-10,1,,,,,"エスエムシーピー",0
1823,8010003036487,12,0,2022-10-31,2022-10-25,"日本法律通訳翻訳合同会社",,305,"東京都","中央区","日本橋人形町３丁目３－５－７０６号",,13,102,1030013,,,,,,,2021-12-07,1,,,,,"ニホンホウリツツウヤクホンヤク",0
1824,8010005015877,71,0,2022-10-31,2022-10-04,"一般社団法人日本矯正歯科協会",,399,"東京都","港区","新橋６丁目７番９号新橋アイランドビル公益総研内",,13,103,1050004,,,,,,"令和４年１０月１日栃木県真岡市荒町２０９４番地１３一般社団法人日本歯科矯正専門医学会（7012705001653）を合併",2015-10-05,1,,,,,"ニホンキョウセイシカキョウカイ",0
1825,8010005027237,12,0,2022-10-31,2022-10-26,"一般社団法人友達協会",,399,"東京都","中央区","日本橋小網町１－３大島ビル２０２",,13,102,1030016,,,,,,,2017-08-03,1,,,,,"トモダチキョウカイ",0
1826,8010005031429,21,0,2022-10-31,2022-10-28,"一般社団法人ＤＨＲＦ大濠",,399,"東京都","千代田区","霞が関３丁目２番５号",,13,101,1000013,,,2022-10-28,01,,,2020-02-12,1,,,,,"ディーエイチアールエフオオホリ",0
1827,8010101015384,01,0,2022-10-31,2022-10-31,"株式会社巒アセットサービス",,301,"東京都","八王子市","元横山町２丁目７番１７号マンション上原２０１号",,13,201,1920063,,,,,,,2022-10-31,1,,,,,"ランアセットサービス",0
1828,8010401048398,12,0,2022-10-31,2022-10-11,"株式会社メディアプロデュースジャパン",,301,"東京都","港区","東麻布１丁目８番１号",,13,103,1060044,,,,,,,2015-10-05,1,,,,,"メディアプロデュースジャパン",0
1829,8010401086051,01,1,2022-10-31,2015-10-05,"株式会社センターコア",,301,"東京都","港区","東麻布１丁目５番２号",,13,103,1060044,,,,,,,2015-10-05,1,,,,,"センターコア",0
1830,8010401114423,12,0,2022-10-31,2022-10-21,"株式会社Ｌｅｏ　Ｓｏｐｈｉａ",,301,"東京都","目黒区","下目黒１丁目８番１号",,13,110,1530064,,,,,,,2015-10-05,1,,,,,"レオソフィア",0
1831,8010401163965,12,0,2022-10-31,2022-10-11,"株式会社ゴエン",,301,"東京都","港区","南青山５丁目１７番２号シドニービル５０２",,13,103,1070062,,,,,,,2021-11-24,1,,,,,"ゴエン",0
1832,8010401164988,12,0,2022-10-31,2022-10-12,"株式会社アンドカンパニー",,301,"東京都","港区","赤坂２丁目８番１２号",,13,103,1070052,,,,,,,2022-01-19,1,,,,,"アンドカンパニー",0
1833,8010401170508,01,0,2022-10-31,2022-10-31,"株式会社ヒャクジュウ",,301,"東京都","港区","東新橋２丁目７番３号昭和アステック１号館",,13,103,1050021,,,,,,,2022-10-31,1,,,,,"ヒャクジュウ",0
1834,8010403011924,21,0,2022-10-31,2022-10-13,"パシフィコ・エナジーいわき合同会社",,305,"東京都","港区","六本木６丁目１０番１号六本木ヒルズ森タワー",,13,103,1060032,,,2022-10-13,01,,,2015-10-05,1,,,,,"パシフィコエナジーイワキ",0
1835,8010403014241,01,1,2022-10-31,2015-12-28,"合同会社スタジオランプ９８",,305,"東京都","港区","白金台３丁目１４番３－５０６号",,13,103,1080071,,,,,,,2015-12-28,1,,,,,"スタジオランプキュウジュウハチ",0
1836,8010405020064,11,0,2022-10-31,2022-10-27,"一般社団法人八桜会",,399,"東京都","港区","六本木３丁目２番１号住友不動産六本木グランドタワー",,13,103,1060032,,,,,,,2021-08-11,1,,,,,"ヤザクラカイ",0
1837,8010501042607,12,0,2022-10-31,2022-10-27,"富春国際投資株式会社",,301,"東京都","江東区","大島９丁目４－２－１１０５",,13,108,1360072,,,,,,,2018-05-18,1,,,,,"トミハルコクサイトウシ",0
1838,8010601002329,01,1,2022-10-31,2015-10-05,"株式会社サンマルミツ",,301,"東京都","江東区","白河３丁目８番１４号",,13,108,1350021,,,,,,,2015-10-05,1,,,,,"サンマルミツ",0
1839,8010602017235,21,0,2022-10-31,2022-10-25,"有限会社田口商会",,302,"東京都","江東区","新大橋３丁目２番３号",,13,108,1350007,,,2022-10-25,01,,,2015-10-05,1,,,,,"タグチショウカイ",0
1840,8010801033396,01,0,2022-10-31,2022-10-31,"株式会社オン・ユア・キャンバス",,301,"東京都","大田区","田園調布２丁目１１番１７号",,13,111,1450071,,,,,,,2022-10-31,1,,,,,"オンユアキャンバス",0
1841,8010805002587,21,0,2022-10-31,2022-10-20,"医療法人社団武広会",,399,"東京都","大田区","大森北６丁目１７番１５号サンクレスト大森１Ａ",,13,111,1430016,,,2022-10-20,01,,,2018-08-29,1,,,,,"ブコウカイ",0
1842,8010902001970,01,1,2022-10-31,2015-10-05,"ＡＤＶＡＮＣＥ株式会社",,301,"東京都","新宿区","新宿５丁目１７番６号",,13,104,1600022,,,,,,,2015-10-05,0,,,,,,0
1843,8010902001970,11,1,2022-10-31,2015-10-22,"ＡＤＶＡＮＣＥリアルエステート株式会社",,301,"東京都","新宿区","新宿５丁目１７番６号",,13,104,1600022,,,,,,,2015-10-05,0,,,,,"アドバンスリアルエステート",0
1844,8010902001970,12,1,2022-10-31,2015-10-22,"ＡＤＶＡＮＣＥリアルエステート株式会社",,301,"東京都","新宿区","百人町２丁目４番５号",,13,104,1690073,,,,,,,2015-10-05,1,,,,,"アドバンスリアルエステート",0
1845,8010902010121,21,0,2022-10-31,2022-10-26,"有限会社ティームスポーツプロズ",,302,"東京都","世田谷区","深沢１丁目１２番２１号",,13,112,1580081,,,2022-10-26,01,,,2015-10-05,1,,,,,"ティームスポーツプロズ",0
1846,8010902021093,01,1,2022-10-31,2015-10-05,"有限会社ＨＡＲＶＥＳＴ　ＴＩＭＥ",,302,"東京都","世田谷区","宇奈根２丁目５番２号",,13,112,1570068,,,,,,,2015-10-05,0,,,,,"ハーベストタイム",0
1847,8010902021093,12,0,2022-10-31,2022-10-27,"有限会社ＨＡＲＶＥＳＴ　ＴＩＭＥ",,302,"東京都","渋谷区","神宮前３丁目３１番１７号ビラ・ローザ７０２号",,13,113,1500001,,,,,,,2015-10-05,1,,,,,"ハーベストタイム",0
1848,8010902024591,12,0,2022-10-31,2022-10-27,"有限会社村井ＭＤサポートオフィス",,302,"東京都","世田谷区","新町１丁目１９番１号",,13,112,1540014,,,,,,,2015-10-05,1,,,,,"ムライエムディーサポートオフィス",0
1849,8010905002479,01,1,2022-10-31,2015-10-05,"学校法人国際聖マリア学園",,399,"東京都","世田谷区","瀬田１丁目６番１９号",,13,112,1580095,,,,,,,2015-10-05,1,,,,,"コクサイセイマリアガクエン",0
1850,8011001061386,12,0,2022-10-31,2022-10-18,"株式会社Ｔ－ＴＲＡＤＩＮＧ",,301,"東京都","渋谷区","本町５丁目５番５号",,13,113,1510071,,,,,,,2015-10-05,1,,,,,"ティートレーディング",0
1851,8011001065560,01,1,2022-10-31,2015-10-05,"株式会社ＮＯＢＬＥ",,301,"東京都","渋谷区","渋谷３丁目７番２号３Ｆ",,13,113,1500002,,,,,,,2015-10-05,0,,,,,"ノーブル",0
1852,8011001065560,12,1,2022-10-31,2022-10-20,"株式会社ＮＯＢＬＥ",,301,"東京都","渋谷区","渋谷３丁目６番２０号６Ｆ",,13,113,1500002,,,,,,,2015-10-05,1,,,,,"ノーブル",0
1853,8011001125538,12,0,2022-10-31,2022-10-21,"株式会社Ｋｏｌｏｈａ",,301,"東京都","目黒区","下目黒１丁目８番１号",,13,110,1530064,,,,,,,2018-12-06,1,,,,,"コロハ",0
1854,8011001141196,12,0,2022-10-31,2022-10-27,"株式会社久潤",,301,"鹿児島県","鹿児島市","伊敷２丁目１５番１５号伊敷ハイツ３０１号室",,46,201,8900008,,,,,,,2021-06-18,1,,,,,"キュウジュン",0
1855,8011001150560,01,0,2022-10-31,2022-10-31,"日本豐匯ホールディングス株式会社",,301,"東京都","渋谷区","神宮前５丁目１８番１３号２Ｆ",,13,113,1500001,,,,,,,2022-10-31,1,,,,,"ニホンホウカイホールディングス",0
1856,8011001150577,01,0,2022-10-31,2022-10-31,"Ｎｕｉ株式会社",,301,"東京都","渋谷区","道玄坂１丁目１０番８号渋谷道玄坂東急ビル２Ｆ－Ｃ",,13,113,1500043,,,,,,,2022-10-31,1,,,,,"ヌイ",0
1857,8011003010713,12,0,2022-10-31,2022-10-19,"ＲＡＩＳＥ　ＪＡＰＡＮ　ＣＡＰＩＴＡＬ合同会社",,305,"東京都","渋谷区","道玄坂１丁目１０番８号渋谷道玄坂東急ビル２Ｆ‐Ｃ",,13,113,1500043,,,,,,,2020-01-08,1,,,,,"レイズジャパンキャピタル",0
1858,8011005005942,12,0,2022-10-31,2022-10-12,"一般社団法人ビジネスモデルイノベーション協会",,399,"東京都","港区","高輪４丁目２０番２０号アーバンベルデ高輪３０５",,13,103,1080074,,,,,,,2015-10-05,1,,,,,"ビジネスモデルイノベーションキョウカイ",0
1859,8011101051287,01,1,2022-10-31,2015-10-05,"株式会社Ａ・Ｔ・Ｇ",,301,"東京都","新宿区","原町２丁目１５番地１２",,13,104,1620053,,,,,,,2015-10-05,0,,,,,"エイティージー",0
1860,8011101051287,12,1,2022-10-31,2016-09-06,"株式会社Ａ・Ｔ・Ｇ",,301,"東京都","渋谷区","千駄ヶ谷１丁目３番１０号",,13,113,1510051,,,,,,,2015-10-05,1,,,,,"エイティージー",0
1861,8011101054307,01,1,2022-10-31,2015-10-05,"株式会社ネオ東京",,301,"東京都","新宿区","西新宿３丁目５番３－５０１号",,13,104,1600023,,,,,,,2015-10-05,1,,,,,"ネオトウキョウ",0
1862,8011101055437,01,1,2022-10-31,2015-10-05,"株式会社フュージョン",,301,"東京都","千代田区","九段北１丁目１３番９号－１８０８",,13,101,1020073,,,,,,,2015-10-05,1,,,,,"フュージョン",0
1863,8011101064454,01,1,2022-10-31,2015-10-05,"株式会社リノテラスコーポレーション",,301,"東京都","新宿区","河田町６番２７号",,13,104,1620054,,,,,,,2015-10-05,1,,,,,"リノテラスコーポレーション",0
1864,8011101091382,12,0,2022-10-31,2022-10-26,"人一株式会社",,301,"東京都","千代田区","外神田５丁目２番１０号テクノス第一ビル３階",,13,101,1010021,,,,,,,2020-06-04,1,,,,,"ジンイチ",0
1865,8011101096092,11,0,2022-10-31,2022-10-26,"株式会社Ｍｏｏｎ",,301,"東京都","新宿区","大久保１丁目１６番２７号ＫＭプラザ１階",,13,104,1690072,,,,,,,2021-08-25,1,,,,,,0
1866,8011105010454,01,0,2022-10-31,2022-10-31,"ＮＰＯ法人ＷｉｓＨ",,399,"東京都","新宿区","西新宿３丁目３番１３号西新宿水間ビル６階",,13,104,1600023,,,,,,,2022-10-31,1,,,,,"ウィッシュ",0
1867,8011301012667,01,1,2022-10-31,2015-10-05,"株式会社ＣＬＩＰ",,301,"東京都","杉並区","阿佐谷北６丁目１０番１０号",,13,115,1660001,,,,,,,2015-10-05,1,,,,,"クリップ",0
1868,8011301014242,01,1,2022-10-31,2015-10-05,"株式会社フリーダム",,301,"東京都","杉並区","浜田山３丁目２１番１４号",,13,115,1680065,,,,,,,2015-10-05,0,,,,,"フリーダム",0
1869,8011301014242,12,1,2022-10-31,2018-02-15,"株式会社フリーダム",,301,"東京都","杉並区","松庵３丁目１２番２５号",,13,115,1670054,,,,,,,2015-10-05,1,,,,,"フリーダム",0
1870,8011301025396,12,0,2022-10-31,2022-10-26,"株式会社ＫＢプロモーション",,301,"東京都","渋谷区","道玄坂１丁目１０番８号渋谷道玄坂東急ビル２Ｆ－Ｃ",,13,113,1500043,,,,,,,2019-10-04,1,,,,,"ケービープロモーション",0
1871,8011303004563,01,0,2022-10-31,2022-10-31,"ＵＴＥＸ合同会社",,305,"東京都","杉並区","浜田山３丁目１５番１６号",,13,115,1680065,,,,,,,2022-10-31,1,,,,,"ユーテックス",0
1872,8011305000305,01,1,2022-10-31,2015-10-05,"金光教杉並教会",,399,"東京都","杉並区","高円寺南５丁目３２番１３号",,13,115,1660003,,,,,,,2015-10-05,1,,,,,"コンコウキョウスギナミキョウカイ",0
1873,8011401015000,01,1,2022-10-31,2015-10-05,"株式会社グッドスタッフ",,301,"東京都","板橋区","中丸町１１番２号ワコーレ要町ビル７階",,13,119,1730026,,,,,,,2015-10-05,0,,,,,,0
1874,8011401015000,71,1,2022-10-31,2017-05-11,"株式会社グッドスタッフ",,301,"東京都","板橋区","中丸町１１番２号ワコーレ要町ビル７階",,13,119,1730026,,,,,,"平成２９年５月１日埼玉県さいたま市南区内谷７－１４－１８エンゼルコート２０１株式会社トータルサービス（9011401014579）を合併平成２９年５月１日東京都練馬区中村北一丁目１３番１３号ＯＨＤ練馬ビル５０２号室株式会社ユナイテッドメンテナンス（4011401016893）を合併",2015-10-05,1,,,,,,0
1875,8011501028612,01,0,2022-10-31,2022-10-31,"株式会社クリーンパートナース",,301,"東京都","荒川区","西尾久６丁目６番１１号",,13,118,1160011,,,,,,,2022-10-31,1,,,,,"クリーンパートナース",0
1876,8011601000561,01,1,2022-10-31,2015-10-05,"株式会社イズ",,301,"東京都","練馬区","中村北３丁目１０番１３号",,13,120,1760023,,,,,,,2015-10-05,1,,,,,"イズ",0
1877,8011601015717,01,1,2022-10-31,2015-10-05,"クオリティ・ワン株式会社",,301,"東京都","練馬区","平和台３丁目５番２号ローゼンハイム２０１号室",,13,120,1790083,,,,,,,2015-10-05,0,,,,,"クオリティワン",0
1878,8011601015717,12,1,2022-10-31,2017-03-02,"クオリティ・ワン株式会社",,301,"東京都","練馬区","北町３丁目２３番４号",,13,120,1790081,,,,,,,2015-10-05,1,,,,,"クオリティワン",0
1879,8011603003736,01,0,2022-10-31,2022-10-31,"合同会社おんくま",,305,"東京都","練馬区","桜台４丁目４番１１号",,13,120,1760002,,,,,,,2022-10-31,1,,,,,"オンクマ",0
1880,8011801003083,12,0,2022-10-31,2022-10-26,"株式会社テスコ，ワーク",,301,"東京都","葛飾区","東金町６丁目６番５号",,13,122,1250041,,,,,,,2015-10-05,1,,,,,"テスコワーク",0
1881,8011801011953,21,0,2022-10-31,2022-10-26,"マインド株式会社",,301,"東京都","足立区","椿２丁目１０番８号",,13,121,1230871,,,2022-10-26,01,,,2015-10-05,1,,,,,"マインド",0
1882,8011801023668,21,0,2022-10-31,2022-10-26,"株式会社城北空調",,301,"東京都","足立区","南花畑３丁目６番５－３０３号",,13,121,1210062,,,2022-10-26,01,,,2015-10-05,1,,,,,"ジョウホククウチョウ",0
1883,8011801026217,01,1,2022-10-31,2015-10-05,"株式会社ＰＡＲＴＹ　ＧＲＡＣＥ　ＬＴＤ．",,301,"東京都","江戸川区","一之江４丁目８－１９",,13,123,1320024,,,,,,,2015-10-05,1,,,,,"パーティーグレイス",0
1884,8011801034426,12,0,2022-10-31,2022-10-26,"株式会社ＯＧＩ",,301,"東京都","葛飾区","西新小岩４丁目２６－５",,13,122,1240025,,,,,,,2018-02-26,1,,,,,"オオギ",0
1885,8011802003248,01,1,2022-10-31,2015-10-05,"有限会社三久建設",,302,"東京都","葛飾区","細田４丁目２８番２８号",,13,122,1240021,,,,,,,2015-10-05,1,,,,,"サンキュウケンセツ",0
1886,8011802020185,01,1,2022-10-31,2015-10-05,"有限会社吉田倉庫",,302,"東京都","足立区","加平３丁目７番３号",,13,121,1210055,,,,,,,2015-10-05,1,,,,,"ヨシダソウコ",0
1887,8012401039798,01,0,2022-10-31,2022-10-31,"株式会社森田悠紀建築設計事務所",,301,"東京都","調布市","若葉町１丁目３１番地２２－２０２",,13,208,1820003,,,,,,,2022-10-31,1,,,,,"モリタユウキケンチクセッケイジムショ",0
1888,8012403001921,01,1,2022-10-31,2015-10-05,"テイスト合同会社",,305,"東京都","三鷹市","井の頭２丁目２０番５号",,13,204,1810001,,,,,,,2015-10-05,0,,,,,"テイスト",0
1889,8012403001921,12,1,2022-10-31,2017-05-08,"テイスト合同会社",,305,"東京都","品川区","小山５丁目２２番７号",,13,109,1420062,,,,,,,2015-10-05,1,,,,,"テイスト",0
1890,8012403005641,01,0,2022-10-31,2022-10-31,"Ｈコーポレーション合同会社",,305,"東京都","小金井市","東町４丁目１３－６Ｎステージ４０１",,13,210,1840011,,,,,,,2022-10-31,1,,,,,"エイチコーポレーション",0
1891,8012701008998,01,1,2022-10-31,2015-10-05,"株式会社マキワークス",,301,"東京都","小平市","鈴木町１丁目１３８番地の５",,13,211,1870011,,,,,,,2015-10-05,1,,,,,"マキワークス",0
1892,8012701016910,01,1,2022-10-31,2022-02-01,"株式会社港友",,301,"東京都","清瀬市","下宿１丁目１９９番地１７",,13,221,2040001,,,,,,,2022-02-01,0,,,,,,0
1893,8012701016910,12,0,2022-10-31,2022-10-25,"株式会社港友",,301,"東京都","港区","赤坂２丁目２１番５号藤和赤坂コープ１階赤坂・溜池山王ビジネスセンターＡ－３",,13,103,1070052,,,,,,,2022-02-01,1,,,,,,0
1894,8012701017017,01,1,2022-10-31,2022-04-08,"十和サービス株式会社",,301,"東京都","小平市","花小金井１丁目３２番１６－３０１号",,13,211,1870002,,,,,,,2022-04-08,0,,,,,"トオワサービス",0
1895,8012701017017,12,0,2022-10-31,2022-10-27,"十和サービス株式会社",,301,"東京都","江戸川区","一之江８丁目２番８号ウイングイトウ１０１号室",,13,123,1320024,,,,,,,2022-04-08,1,,,,,"トオワサービス",0
1896,8013105001813,01,0,2022-10-31,2022-10-31,"一般社団法人消防救助技術開発",,399,"東京都","あきる野市","牛沼５２０番地８",,13,228,1970826,,,,,,,2022-10-31,1,,,,,"ショウボウキュウジョギジュツカイハツ",0
1897,8013301007201,01,1,2022-10-31,2015-10-05,"株式会社田中製作所",,301,"東京都","豊島区","池袋本町３丁目２８番１４号",,13,116,1700011,,,,,,,2015-10-05,1,,,,,"タナカセイサクジョ",0
1898,8013301049739,12,0,2022-10-31,2022-10-27,"株式会社ケイエスイー",,301,"千葉県","千葉市花見川区","三角町４８７番地１４６",,12,102,2620011,,,,,,,2022-10-03,1,,,,,"ケイエスイー",0
1899,8013305001398,12,0,2022-10-31,2022-10-19,"特定非営利活動法人キャップの貯金箱推進ネットワーク",,399,"埼玉県","戸田市","笹目８丁目１０番２３号",,11,224,3350034,,,,,,,2015-10-05,1,,,,,,0
1900,8020001148721,01,0,2022-10-31,2022-10-31,"株式会社オンタイマッサージインターナショナル",,301,"神奈川県","横浜市中区","伊勢佐木町５丁目１３０",,14,104,2310045,,,,,,,2022-10-31,1,,,,,"オンタイマッサージインターナショナル",0
1901,8020001148746,01,0,2022-10-31,2022-10-31,"株式会社ＭＫＹ",,301,"神奈川県","川崎市川崎区","観音２丁目７番１１号",,14,131,2100831,,,,,,,2022-10-31,1,,,,,"エムケイワイ",0
1902,8020002021588,01,1,2022-10-31,2015-10-05,"有限会社住心",,302,"神奈川県","横浜市旭区","上川井町２１８８番地",,14,112,2410802,,,,,,,2015-10-05,1,,,,,"スミシン",0
1903,8020005011925,01,1,2022-10-31,2015-10-05,"一般社団法人日本メンタルヘルス講師認定協会",,399,"神奈川県","横浜市中区","小港町１丁目１番地２・１０号棟１２０１号室",,14,104,2310802,,,,,,,2015-10-05,0,,,,,"ニホンメンタルヘルスコウシニンテイキョウカイ",0
1904,8020005011925,12,1,2022-10-31,2016-03-22,"一般社団法人日本メンタルヘルス講師認定協会",,399,"静岡県","静岡市清水区","庵原町１３７番地の１１",,22,103,4240114,,,,,,,2015-10-05,1,,,,,"ニホンメンタルヘルスコウシニンテイキョウカイ",0
1905,8021001056170,12,0,2022-10-31,2022-10-27,"株式会社安信商事",,301,"東京都","板橋区","東坂下１丁目１４番１８号－８０４",,13,119,1740042,,,,,,,2015-10-05,1,,,,,"アンシンショウジ",0
1906,8021001062631,12,0,2022-10-31,2022-10-26,"株式会社Ｃｒｅａ　Ｂｏｘ",,301,"神奈川県","藤沢市","善行１丁目２６番５号小山ビル３階",,14,205,2510871,,,,,,,2017-07-24,1,,,,,"クレアボックス",0
1907,8021002013699,01,1,2022-10-31,2015-10-05,"有限会社ケーブレインネット",,302,"神奈川県","川崎市高津区","溝口３丁目１番５６号",,14,134,2130001,,,,,,,2015-10-05,1,,,,,"ケーブレインネット",0
1908,8021002045503,01,1,2022-10-31,2015-10-05,"有限会社美装",,302,"神奈川県","海老名市","中新田５丁目２１番２５号",,14,215,2430422,,,,,,,2015-10-05,1,,,,,"ビソウ",0
1909,8021002047821,01,1,2022-10-31,2015-10-05,"有限会社タイラ電気",,302,"神奈川県","海老名市","社家３６６４番地の１６",,14,215,2430424,,,,,,,2015-10-05,0,,,,,"タイラデンキ",0
1910,8021002047821,12,1,2022-10-31,2021-09-07,"有限会社タイラ電気",,302,"神奈川県","海老名市","社家２丁目１４番１４号",,14,215,2430424,,,,,,,2015-10-05,1,,,,,"タイラデンキ",0
1911,8021002058620,12,0,2022-10-31,2022-10-25,"有限会社タカスクリーン",,302,"神奈川県","平塚市","万田３丁目３０番２号",,14,203,2540913,,,,,,,2015-10-05,1,,,,,,0
1912,8021002064387,21,0,2022-10-31,2022-10-25,"有限会社山晃工務店",,302,"神奈川県","横須賀市","小矢部１丁目９番１１号",,14,201,2380026,,,2022-10-25,01,,,2015-10-05,1,,,,,"サンコウコウムテン",0
1913,8021002067704,01,1,2022-10-31,2015-10-05,"有限会社吉倉造園",,302,"神奈川県","横須賀市","長浦町３丁目２２番地",,14,201,2370072,,,,,,,2015-10-05,1,,,,,"ヨシクラゾウエン",0
1914,8021003008112,12,0,2022-10-31,2022-10-26,"アートサービス合同会社",,305,"神奈川県","相模原市南区","当麻１１０７番地９",,14,153,2520336,,,,,,,2019-01-30,0,,,,,"アートサービス",0
1915,8021003008112,11,0,2022-10-31,2022-10-26,"Ａ・Ｙオートサービス合同会社",,305,"神奈川県","相模原市南区","当麻１１０７番地９",,14,153,2520336,,,,,,,2019-01-30,1,,,,,"エーワイオートサービス",0
1916,8021003012304,01,0,2022-10-31,2022-10-31,"イマイ・デザイン合同会社",,305,"神奈川県","相模原市緑区","大島４０３―４",,14,151,2520135,,,,,,,2022-10-31,1,,,,,"イマイデザイン",0
1917,8021005003334,21,0,2022-10-31,2022-10-26,"特定非営利活動法人日本健康運動スポーツ協会",,399,"神奈川県","相模原市南区","西大沼５丁目１１番２５号ファミール中里２０３",,14,153,2520332,,,2022-10-26,01,,,2015-10-05,1,,,,,"ニホンケンコウウンドウスポーツキョウカイ",0
1918,8021005012624,01,0,2022-10-31,2022-10-31,"一般社団法人日本天文学オリンピック委員会",,399,"神奈川県","平塚市","浅間町１２－４１平塚市博物館",,14,203,2540041,,,,,,,2022-10-31,1,,,,,"ニホンテンモンガクオリンピックイインカイ",0
1919,8030001011440,01,1,2022-10-31,2015-10-05,"株式会社安田工務店",,301,"埼玉県","さいたま市中央区","八王子２丁目１６番６号",,11,105,3380006,,,,,,,2015-10-05,1,,,,,"ヤスダコウムテン",0
1920,8030001012802,01,1,2022-10-31,2015-10-05,"とくうえ株式会社",,301,"埼玉県","さいたま市見沼区","大字南中丸１６１番地１２",,11,104,3370041,,,,,,,2015-10-05,1,,,,,"トクウエ",0
1921,8030001029755,21,0,2022-10-31,2022-10-12,"株式会社レーヴポルト",,301,"埼玉県","狭山市","大字北入曽１７３番地の５",,11,215,3501315,,,2022-10-12,01,,,2015-10-05,1,,,,,"レーヴポルト",0
1922,8030001059538,01,1,2022-10-31,2015-10-05,"株式会社トリノスタジオ",,301,"埼玉県","川越市","大字吉田７１２番地２３",,11,201,3500807,,,,,,,2015-10-05,1,,,,,"トリノスタジオ",0
1923,8030001067053,01,1,2022-10-31,2015-10-05,"株式会社エチゴヤ",,301,"埼玉県","越谷市","赤山町１丁目２２１番地グランシエロ越谷１０３",,11,222,3430807,,,,,,,2015-10-05,1,,,,,"エチゴヤ",0
1924,8030001095962,01,1,2022-10-31,2015-10-05,"株式会社仲伸",,301,"埼玉県","越谷市","東大沢３丁目２７番地２",,11,222,3430022,,,,,,,2015-10-05,0,,,,,"ナカシン",0
1925,8030001095962,12,1,2022-10-31,2019-04-18,"株式会社仲伸",,301,"埼玉県","吉川市","大字富新田２５８番地１",,11,243,3420037,,,,,,,2015-10-05,1,,,,,"ナカシン",0
1926,8030001123855,12,0,2022-10-31,2022-10-21,"株式会社江守興業",,301,"埼玉県","行田市","持田２丁目１４番６９号",,11,206,3610056,,,,,,,2018-01-17,1,,,,,,0
1927,8030001150767,01,0,2022-10-31,2022-10-31,"株式会社川原設備",,301,"埼玉県","日高市","大字旭ケ丘２５９番地２２",,11,242,3501203,,,,,,,2022-10-31,1,,,,,"カワハラセツビ",0
1928,8030001150775,01,0,2022-10-31,2022-10-31,"株式会社たあそび",,301,"埼玉県","川越市","松江町１丁目２番地２５",,11,201,3500056,,,,,,,2022-10-31,1,,,,,"タアソビ",0
1929,8030001150783,01,0,2022-10-31,2022-10-31,"株式会社オリザ",,301,"埼玉県","東松山市","大字西本宿１９７９番地４",,11,212,3550062,,,,,,,2022-10-31,1,,,,,"オリザ",0
1930,8030001150791,01,0,2022-10-31,2022-10-31,"株式会社ル・シエル",,301,"埼玉県","さいたま市見沼区","深作２丁目２７番地５",,11,104,3370003,,,,,,,2022-10-31,1,,,,,"ルシエル",0
1931,8030001150800,01,0,2022-10-31,2022-10-31,"株式会社ＩＳＫ．",,301,"埼玉県","さいたま市大宮区","櫛引町１丁目４６８番地１・１Ｆ",,11,103,3300851,,,,,,,2022-10-31,1,,,,,"アイエスケー",0
1932,8030002074866,12,0,2022-10-31,2022-10-25,"有限会社橋本技研",,302,"長野県","小県郡長和町","大門３５１８番地２３７８",,20,350,3860601,,,,,,,2015-10-05,1,,,,,"ハシモトギケン",0
1933,8030003020472,01,0,2022-10-31,2022-10-31,"合同会社高橋化工",,305,"埼玉県","坂戸市","大字赤尾８６７番地４",,11,239,3500201,,,,,,,2022-10-31,1,,,,,"タカハシカコウ",0
1934,8030005019042,21,0,2022-10-31,2022-10-03,"税理士法人くすのき",,399,"埼玉県","桶川市","東１丁目３番２８号桶川イースト１－１Ｆ",,11,231,3630013,,,2022-10-03,11,3030005002218,"令和４年１０月３日埼玉県さいたま市浦和区針ヶ谷二丁目１０番４号税理士法人レッドサポート（3030005002218）に合併し解散",2018-06-06,1,,,,,"クスノキ",0
1935,8040001103872,21,0,2022-10-31,2022-10-06,"尚林塑膠貿易株式会社",,301,"千葉県","千葉市若葉区","中野町２６７７－１",,12,104,2650051,,,2022-10-06,01,,,2018-03-14,1,,,,,"ショウリンソツコウボウエキ",0
1936,8040001125611,01,0,2022-10-31,2022-10-31,"株式会社クレシア",,301,"千葉県","鎌ケ谷市","鎌ケ谷９丁目５番４１号レフィナード２０１",,12,224,2730105,,,,,,,2022-10-31,1,,,,,"クレシア",0
1937,8040001125636,01,0,2022-10-31,2022-10-31,"株式会社エス",,301,"千葉県","柏市","旭町１丁目１１番４号３Ｆ",,12,217,2770852,,,,,,,2022-10-31,1,,,,,"エス",0
1938,8040005009678,01,1,2022-10-31,2015-10-05,"医療法人社団素戔嗚",,399,"千葉県","市原市","姉崎６３４番地２０姉崎ドクターズマンション２階",,12,219,2990111,,,,,,,2015-10-05,1,,,,,"スサノオ",0
1939,8040005014744,01,1,2022-10-31,2015-10-05,"医療法人社団緑水会",,399,"千葉県","野田市","山崎１８４０番１０吉岡ビル２階",,12,208,2780022,,,,,,,2015-10-05,1,,,,,"シャダンリョクスイカイ",0
1940,8050001003114,12,0,2022-10-31,2022-10-24,"株式会社ハーベストジョイ",,301,"茨城県","水戸市","酒門町４４０３番地の６",,08,201,3100841,,,,,,,2015-10-05,1,,,,,,0
1941,8050001020019,01,1,2022-10-31,2015-10-05,"株式会社冨岡商店",,301,"茨城県","かすみがうら市","牛渡２７２７番地２５",,08,230,3000213,,,,,,,2015-10-05,1,,,,,"トミオカショウテン",0
1942,8050001024969,21,0,2022-10-31,2022-10-21,"株式会社ＫＯＭＡＩ",,301,"茨城県","稲敷郡阿見町","うずら野１丁目１７番地３サンクレイドル１０８",,08,443,3000341,,,2022-10-21,01,,,2015-10-05,1,,,,,,0
1943,8050001032063,01,1,2022-10-31,2015-10-05,"株式会社池田樹木医事務所",,301,"茨城県","つくば市","今鹿島３４７９番地６",,08,220,3002641,,,,,,,2015-10-05,0,,,,,"イケダジュモクイジムショ",0
1944,8050001032063,12,1,2022-10-31,2017-07-13,"株式会社池田樹木医事務所",,301,"茨城県","つくば市","平沢１０５５番地",,08,220,3004213,,,,,,,2015-10-05,1,,,,,"イケダジュモクイジムショ",0
1945,8050001048869,12,0,2022-10-31,2022-10-24,"株式会社ＭＹＫＡ",,301,"茨城県","石岡市","東光台５丁目６番２０号",,08,205,3150033,,,,,,,2021-03-12,1,,,,,"マイカ",0
1946,8050001051872,01,0,2022-10-31,2022-10-31,"株式会社塙組",,301,"茨城県","水戸市","大町３丁目１番２３号",,08,201,3100062,,,,,,,2022-10-31,1,,,,,"ハナワグミ",0
1947,8050002027731,21,0,2022-10-31,2022-10-25,"有限会社シエラ",,302,"茨城県","神栖市","矢田部１２７８５番地",,08,232,3140341,,,2022-10-25,01,,,2015-10-05,1,,,,,"シエラ",0
1948,8060001035395,01,0,2022-10-31,2022-10-31,"株式会社那須デベロップメント",,301,"栃木県","那須塩原市","板室８４１番地１４",,09,213,3250111,,,,,,,2022-10-31,1,,,,,"ナスデベロップメント",0
1949,8070002006106,12,0,2022-10-31,2022-10-25,"有限会社マークタイム",,302,"群馬県","高崎市","引間町１０４３番地５",,10,202,3703517,,,,,,,2015-10-05,1,,,,,"マークタイム",0
1950,8080102001328,01,1,2022-10-31,2015-10-05,"株式会社コマサ",,301,"静岡県","沼津市","大岡２１４８番地の１",,22,203,4100022,,,,,,,2015-10-05,1,,,,,"コマサ",0
1951,8080103002671,01,0,2022-10-31,2022-10-31,"合同会社にじ",,305,"静岡県","富士市","岩本２１０８番地",,22,210,4160901,,,,,,,2022-10-31,1,,,,,"ニジ",0
1952,8100001026687,01,1,2022-10-31,2015-10-05,"株式会社緑新",,301,"長野県","塩尻市","大字広丘堅石２５１番地５",,20,215,3990705,,,,,,,2015-10-05,1,,,,,"リョクシン",0
1953,8120001025019,12,0,2022-10-31,2022-10-27,"株式会社吉兆堂",,301,"兵庫県","神戸市中央区","中山手通１丁目２３番１６号シャンティビル４Ｆ",,28,110,6500004,,,,,,,2015-10-05,1,,,,,"キッチョウドウ",0
1954,8120001076697,12,0,2022-10-31,2022-10-26,"株式会社オンタイム",,301,"大阪府","大阪市北区","梅田１丁目１番３号大阪駅前第３ビル２９階１－１－１号室",,27,127,5300001,,,,,,,2015-10-05,1,,,,,"オンタイム",0
1955,8120001108839,12,0,2022-10-31,2022-10-26,"渥美建設株式会社",,301,"大阪府","大阪市大正区","三軒家西１丁目８番２２号",,27,108,5510001,,,,,,,2015-10-05,1,,,,,"アツミケンセツ",0
1956,8120001115950,01,1,2022-10-31,2015-10-05,"ユナイテッド商事株式会社",,301,"大阪府","大阪市阿倍野区","松崎町４丁目２番４号",,27,119,5450053,,,,,,,2015-10-05,1,,,,,"ユナイテッドショウジ",0
1957,8120001136195,01,1,2022-10-31,2015-10-05,"Ｓ．Ｈ．Ｃ株式会社",,301,"大阪府","大阪市中央区","南船場１丁目５番８号",,27,128,5420081,,,,,,,2015-10-05,1,,,,,"エスエイチシー",0
1958,8120001136476,01,1,2022-10-31,2015-10-05,"大阪港土地株式会社",,301,"大阪府","大阪市西区","西本町１丁目１２番１９号清友ビル８階",,27,106,5500005,,,,,,,2015-10-05,1,,,,,"オオサカミナトトチ",0
1959,8120001138308,01,1,2022-10-31,2015-10-05,"株式会社Ｗｉｔｈ",,301,"大阪府","大阪市北区","中之島３丁目５番１３号中之島第一ビル３０１号",,27,127,5300005,,,,,,,2015-10-05,1,,,,,"ウィズ",0
1960,8120001145213,01,1,2022-10-31,2015-10-05,"向明管理株式会社",,301,"大阪府","大阪市淀川区","西中島４丁目４番２５号フルーレ新大阪４１６号室",,27,123,5320011,,,,,,,2015-10-05,1,,,,,"コウメイカンリ",0
1961,8120001172166,01,1,2022-10-31,2015-10-05,"株式会社武藤ペットクリニック",,301,"大阪府","枚方市","招提中町１丁目７番１３号",,27,210,5731152,,,,,,,2015-10-05,1,,,,,"ムトウペットクリニック",0
1962,8120001202121,01,1,2022-10-31,2016-11-28,"株式会社楽帆ホールディングス",,301,"大阪府","大阪市中央区","上汐２丁目４番２号サンキビル７０１号",,27,128,5420064,,,,,,,2016-11-28,0,,,,,"ラクハンホールディングス",0
1963,8120001202121,12,1,2022-10-31,2018-02-06,"株式会社楽帆ホールディングス",,301,"大阪府","大阪市中央区","島之内１丁目８番１２号徳銀相産ビル８０４号",,27,128,5420082,,,,,,,2016-11-28,0,,,,,"ラクハンホールディングス",0
1964,8120001202121,12,1,2022-10-31,2022-10-27,"株式会社楽帆ホールディングス",,301,"大阪府","大阪市中央区","淡路町３丁目５番１３号創建御堂筋ビル２階",,27,128,5410047,,,,,,,2016-11-28,1,,,,,"ラクハンホールディングス",0
1965,8120001231392,12,0,2022-10-31,2022-10-24,"株式会社ｕｐｔｏ",,301,"大阪府","大阪市北区","兎我野町１１番１９号浪速ビル６０３号",,27,127,5300056,,,,,,,2020-09-11,1,,,,,"アップトゥ",0
1966,8120001244956,71,0,2022-10-31,2022-10-03,"メルコモビリティーソリューションズ株式会社",,301,"大阪府","大阪市福島区","福島６丁目１３番１４号",,27,103,5530003,,,,,,"令和４年１０月１日大阪市福島区福島六丁目１３番１４号株式会社菱和（8120001036206）を合併令和４年１０月１日東京都港区芝公園一丁目７番６号ＫＤＸ浜松町プレイスメルコオートモーティブソリューション株式会社（9010401152133）を合併",2022-04-06,1,,,,,"メルコモビリティーソリューションズ",0
1967,8120001249848,01,0,2022-10-31,2022-10-31,"株式会社コウイチ・ファインアーツ",,301,"大阪府","大阪市西区","江戸堀１丁目２番１１号大同生命南館１階",,27,106,5500002,,,,,,,2022-10-31,1,,,,,"コウイチファインアーツ",0
1968,8120001249856,01,0,2022-10-31,2022-10-31,"株式会社Ｗ．Ｓ．Ｃ",,301,"大阪府","大阪市平野区","西脇２丁目７番２５号フジパレス３０２号",,27,126,5470035,,,,,,,2022-10-31,1,,,,,"ダブリューエスシー",0
1969,8120001249864,01,0,2022-10-31,2022-10-31,"株式会社プランズ",,301,"大阪府","大阪市中央区","安土町２丁目４番１１－４０１６号",,27,128,5410052,,,,,,,2022-10-31,1,,,,,"プランズ",0
1970,8120001249872,01,0,2022-10-31,2022-10-31,"株式会社ＮｉｉＱ",,301,"大阪府","大阪市浪速区","日本橋５丁目７番１７－１３０１号",,27,111,5560005,,,,,,,2022-10-31,1,,,,,"ニーク",0
1971,8120001249880,01,0,2022-10-31,2022-10-31,"Ｂｅｅｍｓ株式会社",,301,"大阪府","大阪市中央区","久太郎町４丁目２番１号本町イシカワビル６階",,27,128,5410056,,,,,,,2022-10-31,1,,,,,"ビームズ",0
1972,8120001249897,01,0,2022-10-31,2022-10-31,"株式会社木村商事",,301,"大阪府","大阪市西区","本田２丁目６番１０号",,27,106,5500022,,,,,,,2022-10-31,1,,,,,"キムラショウジ",0
1973,8120003022716,01,0,2022-10-31,2022-10-31,"ＯＳＵＮＡ合同会社",,305,"大阪府","大阪市阿倍野区","阿倍野筋４丁目１８番４－１０１号",,27,119,5450052,,,,,,,2022-10-31,1,,,,,"オスナ",0
1974,8120101055287,12,0,2022-10-31,2022-10-27,"株式会社クオーツ",,301,"大阪府","大阪市北区","神山町８－１梅田辰巳ビル９Ｆ",,27,127,5300026,,,,,,,2016-08-26,1,,,,,"クオーツ",0
1975,8120103004903,01,0,2022-10-31,2022-10-31,"ＮＨ合同会社",,305,"大阪府","堺市南区","新檜尾台３丁６番６号",,27,145,5900143,,,,,,,2022-10-31,1,,,,,"エヌエイチ",0
1976,8120901028954,01,1,2022-10-31,2015-10-05,"株式会社サンクローバー",,301,"大阪府","豊中市","玉井町１丁目１１番２５号",,27,203,5600026,,,,,,,2015-10-05,0,,,,,"サンクローバー",0
1977,8120901028954,12,1,2022-10-31,2022-10-25,"株式会社サンクローバー",,301,"大阪府","池田市","菅原町１１－１７－Ａ－２０１",,27,204,5630055,,,,,,,2015-10-05,1,,,,,"サンクローバー",0
1978,8120902016272,21,0,2022-10-31,2022-10-27,"有限会社敷津庵",,302,"大阪府","箕面市","稲６丁目５番１７号",,27,220,5620015,,,2022-10-27,01,,,2015-10-05,1,,,,,"シキツアン",0
1979,8122002015808,21,0,2022-10-31,2022-10-27,"山村電設工業有限会社",,302,"大阪府","八尾市","太田８丁目２２番地の５",,27,212,5810037,,,2022-10-27,01,,,2015-10-05,1,,,,,"ヤマムラデンセツコウギョウ",0
1980,8130001013773,01,1,2022-10-31,2015-10-05,"株式会社アラキ",,301,"京都府","京都市伏見区","深草柴田屋敷町５７番地",,26,109,6128432,,,,,,,2015-10-05,1,,,,,"アラキ",0
1981,8130001024317,01,1,2022-10-31,2015-10-05,"株式会社双和工業",,301,"京都府","京都市南区","久世中久世町５丁目３４番地",,26,107,6018213,,,,,,,2015-10-05,1,,,,,"ソウワコウギョウ",0
1982,8130001072927,01,0,2022-10-31,2022-10-31,"株式会社堀京",,301,"京都府","八幡市","美濃山中尾５２番地",,26,210,6148275,,,,,,,2022-10-31,1,,,,,"ホリキョウ",0
1983,8130002033135,21,0,2022-10-31,2022-10-24,"有限会社ツインアップル",,302,"京都府","福知山市","字今安１２７６番地",,26,201,6200953,,,2022-10-24,01,,,2015-10-05,1,,,,,,0
1984,8140001104712,01,1,2022-10-31,2017-01-17,"株式会社広瀬青果",,301,"兵庫県","南あわじ市","八木養宜上２８９番地１",,28,224,6560443,,,,,,,2017-01-17,1,,,,,"ヒロセセイカ",0
1985,8140001110909,21,0,2022-10-31,2022-10-25,"元町ミート食品株式会社",,301,"兵庫県","神戸市兵庫区","御崎本町１丁目１番６－１３０８号",,28,105,6520852,,,2022-10-25,01,,,2018-08-10,1,,,,,"モトマチミートショクヒン",0
1986,8140001127779,01,0,2022-10-31,2022-10-31,"株式会社ＯＣＥＡＮ・ＪＡＰＡＮ・ＣＯＭＰＡＮＹ",,301,"兵庫県","尼崎市","武庫之荘１丁目２０番３号ソリオ武庫之荘１０４号",,28,202,6610035,,,,,,,2022-10-31,1,,,,,"オーシャンジャパンカンパニー",0
1987,8140001127837,01,0,2022-10-31,2022-10-31,"株式会社空都",,301,"兵庫県","明石市","藤江９７７番地４",,28,203,6730044,,,,,,,2022-10-31,1,,,,,"クートン",0
1988,8140001127861,01,0,2022-10-31,2022-10-31,"株式会社アスカ",,301,"兵庫県","姫路市","飾磨区恵美酒８９番地１０ミストラルビル３Ｆ",,28,201,6728057,,,,,,,2022-10-31,1,,,,,"アスカ",0
1989,8140002020553,01,1,2022-10-31,2015-10-05,"有限会社廣國建設",,302,"兵庫県","神戸市北区","藤原台南町４丁目２８番３の３０２",,28,109,6511303,,,,,,,2015-10-05,1,,,,,"ヒロクニケンセツ",0
1990,8140003010867,12,0,2022-10-31,2022-10-24,"合同会社ＳＲＴ",,305,"北海道","石狩市","花川南四条３丁目１３６番地",,01,235,0613204,,,,,,,2015-10-05,1,,,,,"エスアールティー",0
1991,8140003018290,01,0,2022-10-31,2022-10-31,"合同会社しなやか",,305,"兵庫県","西宮市","門戸東町６番１０－１０１号",,28,204,6620824,,,,,,,2022-10-31,1,,,,,"シナヤカ",0
1992,8140005018982,01,1,2022-10-31,2015-10-05,"特定非営利活動法人宝塚成年後見センター",,399,"兵庫県","宝塚市","売布東の町１２番９号",,28,214,6650867,,,,,,,2015-10-05,1,,,,,"タカラヅカセイネンコウケンセンター",0
1993,8160001020081,21,0,2022-10-31,2022-10-28,"アクア工業株式会社",,301,"滋賀県","守山市","守山２丁目１４番３５号２Ｆ",,25,207,5240022,,,2022-10-28,01,,,2017-03-09,1,,,,,"アクアコウギョウ",0
1994,8160001024594,01,0,2022-10-31,2022-10-31,"株式会社ＦＫＭ",,301,"滋賀県","大津市","大江２丁目１７番３０号アイビーハイツ１階",,25,201,5202141,,,,,,,2022-10-31,1,,,,,"エフケーエム",0
1995,8160005007934,01,1,2022-10-31,2015-10-05,"高島市森林組合",,399,"滋賀県","高島市","朽木野尻３６４番地の２",,25,212,5201412,,,,,,,2015-10-05,1,,,,,"タカシマシ",0
1996,8170001002236,01,1,2022-10-31,2015-10-05,"鳥居経編株式会社",,301,"和歌山県","和歌山市","深山９３番地",,30,201,6400102,,,,,,,2015-10-05,1,,,,,"トリイタテアミ",0
1997,8180001008703,01,1,2022-10-31,2015-10-05,"株式会社タグ",,301,"愛知県","名古屋市昭和区","福江１丁目１１番１６号",,23,107,4660059,,,,,,,2015-10-05,1,,,,,"タグ",0
1998,8180001020872,01,1,2022-10-31,2015-10-05,"株式会社マーツ",,301,"愛知県","名古屋市千種区","橋本町１丁目１２番地",,23,101,4640035,,,,,,,2015-10-05,1,,,,,"マーツ",0
1999,8180001046728,11,0,2022-10-31,2022-10-24,"株式会社ハナサンナチュレ",,301,"愛知県","名古屋市東区","東桜１丁目１０番９号",,23,102,4610005,,,,,,,2015-10-05,1,,,,,"ハナサンナチュレ",0
2000,8180001048220,01,1,2022-10-31,2015-10-05,"イッコウサポート株式会社",,301,"愛知県","名古屋市中区","新栄１丁目２０番３号",,23,106,4600007,,,,,,,2015-10-05,1,,,,,"イッコウサポート",0
2001,8180001061784,12,0,2022-10-31,2022-10-26,"ケン投資顧問株式会社",,301,"愛知県","名古屋市北区","駒止町２丁目１３６番地",,23,103,4620059,,,,,,,2015-10-05,1,,,,,,0
2002,8180001077814,21,0,2022-10-31,2022-10-25,"株式会社山尚",,301,"愛知県","春日井市","瑞穂通２丁目６２番地",,23,206,4860845,,,2022-10-25,01,,,2015-10-05,1,,,,,"ヤマショウ",0
2003,8180001088992,01,1,2022-10-31,2015-10-05,"愛ｉｎｇ株式会社",,301,"愛知県","名古屋市名東区","上社１丁目１００７番地",,23,115,4650025,,,,,,,2015-10-05,1,,,,,"アイイング",0
2004,8180001106325,12,0,2022-10-31,2022-10-21,"株式会社ビーバイビー",,301,"愛知県","名古屋市名東区","藤森２丁目２５７番地マンション重徳１０３",,23,115,4650026,,,,,,,2015-10-05,1,,,,,,0
2005,8180001115771,01,1,2022-10-31,2015-10-05,"株式会社モリケンエステート",,301,"愛知県","一宮市","あずら２丁目３２番２号",,23,203,4910835,,,,,,,2015-10-05,1,,,,,"モリケンエステート",0
2006,8180001119260,12,0,2022-10-31,2022-10-25,"ｐｒｉｍｅｒａ株式会社",,301,"愛知県","名古屋市西区","名駅２丁目２７番１５号",,23,104,4510045,,,,,,,2015-10-05,1,,,,,"プリメーラ",0
2007,8180001137832,12,0,2022-10-31,2022-10-26,"誠実工業株式会社",,301,"愛知県","名古屋市守山区","大字上志段味字上島７４８番地７",,23,113,4630001,,,,,,,2019-08-20,1,,,,,"セイジツコウギョウ",0
2008,8180001142015,01,1,2022-10-31,2020-07-14,"株式会社ＵＮＩＴＹ",,301,"愛知県","名古屋市西区","名駅２丁目３４番２０号",,23,104,4510045,,,,,,,2020-07-14,0,,,,,"ユニティ",0
2009,8180001142015,12,1,2022-10-31,2020-07-22,"株式会社ＵＮＩＴＹ",,301,"愛知県","名古屋市東区","葵３丁目１２番７号",,23,102,4610004,,,,,,,2020-07-14,0,,,,,"ユニティ",0
2010,8180001142015,11,1,2022-10-31,2020-07-22,"株式会社ＡＩＴＣ",,301,"愛知県","名古屋市東区","葵３丁目１２番７号",,23,102,4610004,,,,,,,2020-07-14,1,,,,,"エーアイティーシー",0
2011,8180001153557,01,0,2022-10-31,2022-10-31,"株式会社ＫＡＮＡＤＥ設計",,301,"愛知県","名古屋市中村区","烏森町６丁目１９９番地",,23,105,4530855,,,,,,,2022-10-31,1,,,,,"カナデセッケイ",0
2012,8180001153565,01,0,2022-10-31,2022-10-31,"株式会社ニューメイク",,301,"愛知県","名古屋市千種区","清住町１丁目７１番地リバティパレス３Ｃ",,23,101,4640034,,,,,,,2022-10-31,1,,,,,"ニューメイク",0
2013,8180001153573,01,0,2022-10-31,2022-10-31,"株式会社リ・コーディア",,301,"愛知県","岩倉市","宮前町２丁目７６番地",,23,228,4820044,,,,,,,2022-10-31,1,,,,,"リコーディア",0
2014,8180001153598,01,0,2022-10-31,2022-10-31,"望月塗工株式会社",,301,"愛知県","名古屋市中村区","北浦町３４番地の１",,23,105,4530824,,,,,,,2022-10-31,1,,,,,"モチヅキトコウ",0
2015,8180002029905,21,0,2022-10-31,2022-10-27,"有限会社アイデアベイス",,302,"愛知県","刈谷市","若松町３丁目９番地",,23,210,4480858,,,2022-10-27,01,,,2015-10-05,1,,,,,"アイデアベイス",0
2016,8180003003710,21,0,2022-10-31,2022-10-26,"合同会社清水培雄商店",,305,"愛知県","名古屋市西区","那古野１丁目４番２０号",,23,104,4510042,,,2022-10-26,01,,,2015-10-05,1,,,,,"シミズマスオショウテン",0
2017,8180003015301,01,1,2022-10-31,2015-10-05,"合同会社ｍ＆ｍ’ｓ",,305,"愛知県","日進市","梅森町上松３４４番地５",,23,230,4700132,,,,,,,2015-10-05,1,,,,,"エムアンドエムズ",0
2018,8180003021877,12,0,2022-10-31,2022-10-26,"グロー合同会社",,305,"大阪府","豊中市","寺内２丁目１３－５３豊中南ロイヤルマンション３０５号室",,27,203,5610872,,,,,,,2020-12-01,1,,,,,"グロー",0
2019,8180003024418,01,0,2022-10-31,2022-10-31,"Ｂ＆Ｂ　ＰＡＫＩＳＴＡＮ合同会社",,305,"愛知県","名古屋市天白区","島田３丁目１０２番地ウイング島田２Ｂ号室",,23,116,4680056,,,,,,,2022-10-31,1,,,,,"ビーアンドビーパキスタン",0
2020,8180301034317,12,0,2022-10-31,2022-10-25,"株式会社リッカジャパン",,301,"沖縄県","中頭郡北谷町","北前１丁目６番地５イナテックマンション３０１号",,47,326,9040117,,,,,,,2020-11-18,1,,,,,"リッカジャパン",0
2021,8180301036759,01,0,2022-10-31,2022-10-31,"株式会社ｃｏｍｑｕｄａ",,301,"愛知県","高浜市","向山町１丁目２１０番地１５",,23,227,4441313,,,,,,,2022-10-31,1,,,,,"コンクーダ",0
2022,8180302004319,01,1,2022-10-31,2015-10-05,"株式会社愛知プレス",,301,"愛知県","春日井市","森山田町１０７番地",,23,206,4860935,,,,,,,2015-10-05,1,,,,,"アイチプレス",0
2023,8190002013362,01,1,2022-10-31,2015-10-05,"ユタカ設備有限会社",,302,"三重県","名張市","つつじが丘南７番町２３３番地１３",,24,208,5180427,,,,,,,2015-10-05,1,,,,,"ユタカセツビ",0
2024,8200001005879,21,0,2022-10-31,2022-10-28,"連合不動産株式会社",,301,"岐阜県","岐阜市","花園町２０番地１",,21,201,5008854,,,2022-10-28,01,,,2015-10-05,1,,,,,"レンゴウフドウサン",0
2025,8200001007636,01,1,2022-10-31,2015-10-05,"株式会社ライン精工",,301,"岐阜県","各務原市","前渡東町４丁目１８０番地",,21,213,5040922,,,,,,,2015-10-05,1,,,,,"ラインセイコウ",0
2026,8200001020291,01,1,2022-10-31,2015-10-05,"株式会社ボーノプランニング",,301,"岐阜県","美濃加茂市","森山町５丁目１２番１４号",,21,211,5050021,,,,,,,2015-10-05,1,,,,,"ボーノプランニング",0
2027,8200002023401,01,1,2022-10-31,2015-10-05,"有限会社中央企画",,302,"岐阜県","中津川市","落合２６番地の５０５",,21,206,5080006,,,,,,,2015-10-05,1,,,,,"チュウオウキカク",0
2028,8210002000003,01,1,2022-10-31,2015-10-05,"稲垣建設有限会社",,302,"福井県","吉田郡永平寺町","松岡芝原３丁目２３番地",,18,322,9101134,,,,,,,2015-10-05,1,,,,,"イナガキケンセツ",0
2029,8220002008516,01,1,2022-10-31,2015-10-05,"有限会社アトリエサロン",,302,"石川県","金沢市","西金沢新町１０１番地",,17,201,9218055,,,,,,,2015-10-05,1,,,,,"アトリエサロン",0
2030,8240001003656,01,1,2022-10-31,2015-10-05,"株式会社小松工務店",,301,"広島県","広島市中区","大手町３丁目６番１９号",,34,101,7300051,,,,,,,2015-10-05,1,,,,,"コマツコウムテン",0
2031,8240001003664,01,1,2022-10-31,2015-10-05,"株式会社小松ビル",,301,"広島県","広島市中区","大手町３丁目６番１９号",,34,101,7300051,,,,,,,2015-10-05,1,,,,,"コマツビル",0
2032,8240001026442,01,1,2022-10-31,2015-10-05,"株式会社尾洲屋羅紗店",,301,"広島県","呉市","中通２丁目５番３号",,34,202,7370046,,,,,,,2015-10-05,1,,,,,"ビシュウヤラサテン",0
2033,8240001028001,12,0,2022-10-31,2022-10-28,"太陽興産株式会社",,301,"広島県","廿日市市","駅前６番１号",,34,213,7380011,,,,,,,2015-10-05,1,,,,,"タイヨウコウサン",0
2034,8240001057264,12,0,2022-10-31,2022-10-25,"株式会社ＭＡＥＲＤ",,301,"沖縄県","那覇市","辻２丁目９番２３号グランピア波の上５－Ａ",00128305,47,201,9000037,,,,,,,2021-01-13,1,,,,,"メアード",0
2035,8260001010849,01,1,2022-10-31,2015-10-05,"株式会社メディフル",,301,"岡山県","岡山市南区","泉田５丁目１０番３２号",,33,104,7000944,,,,,,,2015-10-05,1,,,,,"メディフル",0
2036,8260001015880,01,1,2022-10-31,2015-10-05,"株式会社久代屋",,301,"岡山県","総社市","真壁９０７番地１",,33,208,7191134,,,,,,,2015-10-05,1,,,,,"クシロヤ",0
2037,8260001016994,01,1,2022-10-31,2015-10-05,"アクティＯＮＥ株式会社",,301,"岡山県","倉敷市","美和２丁目１１番１１号",,33,202,7100052,,,,,,,2015-10-05,1,,,,,"アクティワン",0
2038,8260002016473,01,1,2022-10-31,2015-10-05,"有限会社いしはら",,302,"岡山県","倉敷市","鶴形１丁目２番２２号",,33,202,7100056,,,,,,,2015-10-05,0,,,,,"イシハラ",0
2039,8260002016473,12,1,2022-10-31,2022-10-26,"有限会社いしはら",,302,"岡山県","倉敷市","新田２４０５番地",,33,202,7100038,,,,,,,2015-10-05,1,,,,,"イシハラ",0
2040,8260002028122,01,1,2022-10-31,2015-10-05,"有限会社きた造園",,302,"岡山県","津山市","下高倉東９３番地",,33,203,7081122,,,,,,,2015-10-05,1,,,,,"キタゾウエン",0
2041,8280001005558,12,0,2022-10-31,2022-10-28,"株式会社イーストバック",,301,"島根県","松江市","西茶町４０番１号",,32,201,6900845,,,,,,,2015-10-05,1,,,,,"イーストバック",0
2042,8290001004666,01,1,2022-10-31,2015-10-05,"株式会社タカキ製作所",,301,"福岡県","福岡市南区","桧原３丁目１４番２２号",,40,134,8111355,,,,,,,2015-10-05,1,,,,,"タカキセイサクショ",0
2043,8290001048622,21,0,2022-10-31,2022-10-26,"九州小川帆布株式会社",,301,"福岡県","久留米市","宮ノ陣４丁目７番５－１５０５号",,40,203,8390801,,,2022-10-26,01,,,2015-10-05,1,,,,,"キュウシュウオガワハンプ",0
2044,8290001060404,01,1,2022-10-31,2015-10-05,"株式会社剣星工業",,301,"福岡県","福岡市早良区","田村６丁目２１番２２号",,40,137,8140175,,,,,,,2015-10-05,0,,,,,"ケンセイコウギョウ",0
2045,8290001060404,12,1,2022-10-31,2017-07-26,"株式会社剣星工業",,301,"福岡県","福岡市早良区","野芥５丁目３７番３０号",,40,137,8140171,,,,,,,2015-10-05,1,,,,,"ケンセイコウギョウ",0
2046,8290001070444,12,0,2022-10-31,2022-10-21,"ＣＯＣＯＢＩＯ　ＯＲＧＡＮＩＣ　ＪＡＰＡＮ株式会社",,301,"福岡県","福岡市中央区","荒戸２丁目２番４２－６０１号",,40,133,8100062,,,,,,,2015-10-05,1,,,,,"ココバイオオーガニックジャパン",0
2047,8290001074098,01,1,2022-10-31,2016-05-31,"ゴールド商事株式会社",,301,"福岡県","福岡市博多区","中洲１丁目３－４",,40,132,8100801,,,,,,,2016-05-31,1,,,,,"ゴールドショウジ",0
2048,8290001099368,01,0,2022-10-31,2022-10-31,"水川株式会社",,301,"福岡県","福岡市博多区","堅粕５丁目７番２２号",,40,132,8120043,,,,,,,2022-10-31,1,,,,,"ミズカワ",0
2049,8290001099376,01,0,2022-10-31,2022-10-31,"株式会社オフィス・リーガル・Ｋ",,301,"福岡県","福岡市中央区","天神４丁目６－２８天神ファーストビル７階",,40,133,8100001,,,,,,,2022-10-31,1,,,,,"オフィスリーガルケー",0
2050,8290002004005,12,0,2022-10-31,2022-10-27,"有限会社ワールド",,302,"福岡県","福岡市南区","若久３丁目３８番８号",,40,134,8150042,,,,,,,2015-10-05,1,,,,,,0
2051,8290003013112,01,0,2022-10-31,2022-10-31,"ｏｆｆｉｃｅ　ＦＬＯＷ合同会社",,305,"福岡県","福岡市博多区","店屋町２番２９号ｉＧＳ博多ビル７０１",,40,132,8120025,,,,,,,2022-10-31,1,,,,,"オフィスフロー",0
2052,8290005018844,01,0,2022-10-31,2022-10-31,"一般社団法人樋口式サイエンスバクテリア研究所",,399,"福岡県","うきは市","浮羽町妹川３１５５番地１",,40,225,8391415,,,,,,,2022-10-31,1,,,,,"ヒグチシキサイエンスバクテリアケンキュウジョ",0
2053,8290801017850,01,1,2022-10-31,2015-10-05,"株式会社真誠",,301,"福岡県","北九州市八幡西区","本城学研台２丁目１９番４号",,40,109,8070807,,,,,,,2015-10-05,1,,,,,"シンセイ",0
2054,8320002004471,12,0,2022-10-31,2022-10-25,"有限会社竹善",,302,"大分県","大分市","都町３丁目６番１２号ＹＭビル１階",,44,201,8700034,,,,,,,2015-10-05,1,,,,,,0
2055,8330001011798,01,1,2022-10-31,2015-10-05,"株式会社眞和工房",,301,"熊本県","玉名市","山田１０８０番地２",,43,206,8650066,,,,,,,2015-10-05,1,,,,,"シンワコウボウ",0
2056,8330002011681,01,1,2022-10-31,2015-10-05,"有限会社渡辺企業",,302,"熊本県","熊本市東区","花立２丁目１７番１５号",,43,102,8612118,,,,,,,2015-10-05,1,,,,,"ワタナベキギョウ",0
2057,8330003003158,01,1,2022-10-31,2015-10-05,"九州畜産合資会社",,304,"熊本県","八代市","海士江町２７２０番地１",,43,202,8660893,,,,,,,2015-10-05,1,,,,,"キュウシュウチクサン",0
2058,8330005009657,01,1,2022-10-31,2017-04-28,"一般社団法人古民家再生協会熊本南部",,399,"熊本県","八代市","鼠蔵町１６３番地１",,43,202,8695164,,,,,,,2017-04-28,0,,,,,,0
2059,8330005009657,11,1,2022-10-31,2020-09-09,"一般社団法人ｅｎ．ｄ",,399,"熊本県","八代市","鼠蔵町１６３番地１",,43,202,8695164,,,,,,,2017-04-28,1,,,,,,0
2060,8340001011376,01,1,2022-10-31,2015-10-05,"株式会社樂樂亭",,301,"鹿児島県","鹿児島市","城山町３番３６号",,46,201,8920853,,,,,,,2015-10-05,1,,,,,"ラクラクテイ",0
2061,8340001024287,12,0,2022-10-31,2022-10-26,"株式会社ジョイント",,301,"鹿児島県","薩摩川内市","入来町副田２５１２番地",,46,215,8951401,,,,,,,2021-11-25,1,,,,,"ジョイント",0
2062,8350001004940,01,1,2022-10-31,2015-10-05,"株式会社Ｍ．Ｏ．Ｃグループ",,301,"宮崎県","宮崎市","大字長嶺字唯ケ迫１０２１番地",,45,201,8802115,,,,,,,2015-10-05,1,,,,,"エムオオシーグループ",0
2063,8360001016118,01,1,2022-10-31,2015-10-05,"株式会社コバキュウ",,301,"沖縄県","沖縄市","比屋根４丁目１２番２号２Ｆ",,47,211,9042173,,,,,,,2015-10-05,0,,,,,"コバキュウ",0
2064,8360001016118,12,1,2022-10-31,2018-01-09,"株式会社コバキュウ",,301,"沖縄県","うるま市","字天願６１番地１",,47,213,9042202,,,,,,,2015-10-05,1,,,,,"コバキュウ",0
2065,8360001025275,21,0,2022-10-31,2022-10-25,"株式会社シナジービジネスサポート",,301,"沖縄県","中頭郡中城村","字南上原１００７番地",,47,328,9012424,,,2022-10-25,01,,,2019-02-21,1,,,,,"シナジービジネスサポート",0
2066,8360002001515,01,1,2022-10-31,2015-10-05,"有限会社久茂地オートサービス",,302,"沖縄県","那覇市","久茂地２丁目２４番１号",,47,201,9000015,,,,,,,2015-10-05,1,,,,,"クモジオートサービス",0
2067,8360003003361,01,1,2022-10-31,2015-10-05,"合資会社イストアジアサービスカンパニー",,304,"沖縄県","那覇市","泊１丁目９番地の４ベルシェ泊１０１号",,47,201,9000012,,,,,,,2015-10-05,1,,,,,"イストアジアサービスカンパニー",0
2068,8370001045066,12,0,2022-10-31,2022-10-19,"株式会社リサマイ仙台",,301,"宮城県","仙台市泉区","泉中央３丁目８番地の５",,04,105,9813133,,,,,,,2019-11-25,1,,,,,"リサマイセンダイ",0
2069,8370003003253,01,1,2022-10-31,2015-11-06,"合同会社高橋冷機",00104904,305,"宮城県","石巻市","伊原津１丁目６番２６号",,04,202,9860041,,,,,,,2015-11-06,0,,,,,"タカハシレイキ",0
2070,8370003003253,12,1,2022-10-31,2022-10-24,"合同会社高橋冷機",00104904,305,"宮城県","石巻市","湊東２丁目２４番地１",,04,202,9860020,,,,,,,2015-11-06,1,,,,,"タカハシレイキ",0
2071,8370302000810,01,1,2022-10-31,2015-10-05,"有限会社共伸工業",,302,"宮城県","東松島市","小野字中央２番地の１",,04,214,9810303,,,,,,,2015-10-05,0,,,,,"キョウシンコウギョウ",0
2072,8370302000810,12,1,2022-10-31,2022-10-17,"有限会社共伸工業",,302,"宮城県","東松島市","小野字中央４番地２２",,04,214,9810303,,,,,,,2015-10-05,1,,,,,"キョウシンコウギョウ",0
2073,8370501000801,01,1,2022-10-31,2015-10-05,"株式会社ムラタ",,301,"宮城県","気仙沼市","浜町１丁目６番２６号",,04,205,9880004,,,,,,,2015-10-05,0,,,,,"ムラタ",0
2074,8370501000801,12,1,2022-10-31,2016-09-08,"株式会社ムラタ",,301,"宮城県","気仙沼市","浜町１丁目１１番地１",,04,205,9880004,,,,,,,2015-10-05,1,,,,,"ムラタ",0
2075,8380001006513,12,0,2022-10-31,2022-10-27,"株式会社福島ニッカナ",,301,"福島県","郡山市","八山田５丁目１３番地メインビル八山田Ｄ棟Ｄ－６",,07,203,9638052,,,,,,,2015-10-05,1,,,,,"フクシマニッカナ",0
2076,8380002001109,01,1,2022-10-31,2015-10-05,"有限会社ジェイシーエフ",,302,"福島県","福島市","吉倉字前田１９番地の５",,07,201,9608165,,,,,,,2015-10-05,1,,,,,"ジェイシーエフ",0
2077,8380002014291,01,1,2022-10-31,2015-10-05,"有限会社石井保険事務所",,302,"福島県","郡山市","咲田１丁目１５番１０号ＨＯＵＳＥ北の家族３０３",,07,203,9638012,,,,,,,2015-10-05,0,,,,,,0
2078,8380002014291,11,1,2022-10-31,2017-08-09,"有限会社清流",,302,"福島県","郡山市","咲田１丁目１５番１０号ＨＯＵＳＥ北の家族３０３",,07,203,9638012,,,,,,,2015-10-05,1,,,,,"セイリュウ",0
2079,8380003005307,01,0,2022-10-31,2022-10-31,"合同会社ＣａｎｄｙＥｎｔｅｒｐｒｉｓｅ",,305,"福島県","郡山市","喜久田町字菖蒲池２２－１０８",,07,203,9630551,,,,,,,2022-10-31,1,,,,,"キャンディエンタープライズ",0
2080,8380005012326,01,1,2022-10-31,2020-08-03,"一般社団法人ホアセン",,399,"福島県","会津若松市","栄町２番１４号",,07,202,9650871,,,,,,,2020-08-03,1,,,,,"ホアセン",0
2081,8390001014820,01,1,2022-10-31,2017-03-03,"ハンズバリュー株式会社",,301,"山形県","山形市","松栄１丁目３番８号",,06,201,9902473,,,,,,,2017-03-03,1,,,,,"ハンズバリュー",0
2082,8410001003795,01,1,2022-10-31,2015-10-05,"株式会社総合電機通信工業",,301,"秋田県","秋田市","山王臨海町２番５０号",,05,201,0100956,,,,,,,2015-10-05,1,,,,,"ソウゴウデンキツウシンコウギョウ",0
2083,8420002011879,01,1,2022-10-31,2015-10-05,"有限会社中谷建設",,302,"青森県","五所川原市","金木町芦野３６５番地７０８",00087726,02,205,0370202,,,,,,,2015-10-05,1,,,,,"ナカヤケンセツ",0
2084,8430001004668,01,1,2022-10-31,2015-10-05,"株式会社協同住建",,301,"北海道","札幌市東区","北十九条東８丁目３番１７号",,01,103,0650019,,,,,,,2015-10-05,1,,,,,"キョウドウジュウケン",0
2085,8430001026258,11,0,2022-10-31,2022-10-26,"Ｆｓトランス株式会社",,301,"北海道","石狩市","新港南１丁目１９番地３８",,01,235,0613244,,,,,,,2015-10-05,1,,,,,"エフズトランス",0
2086,8430002021217,01,1,2022-10-31,2015-10-05,"有限会社横山建設",,302,"北海道","札幌市南区","川沿六条２丁目２－５５－２０５",,01,106,0050806,,,,,,,2015-10-05,1,,,,,"ヨコヤマケンセツ",0
2087,8430002048664,01,1,2022-10-31,2015-10-05,"有限会社ケアソリューション",,302,"北海道","恵庭市","黄金北３丁目１２番地６",,01,231,0611407,,,,,,,2015-10-05,1,,,,,"ケアソリューション",0
2088,8470001019308,01,0,2022-10-31,2022-10-31,"ＲＥＫＵＲＡＳＹ株式会社",,301,"香川県","高松市","サンポート２－１高松シンボルタワー棟４階・５階情報通信交流館内",,37,201,7600019,,,,,,,2022-10-31,1,,,,,"リクラシィ",0
2089,8490005000682,21,0,2022-10-31,2022-10-24,"医療法人はるな会",,399,"高知県","高知市","潮新町１丁目１６番１０号",,39,201,7808008,,,2022-10-24,01,,,2015-10-05,1,,,,,"ハルナカイ",0
2090,8490005003603,01,1,2022-10-31,2015-10-05,"医療法人いよき会",,399,"高知県","土佐市","蓮池１２２７番５",00007027,39,205,7811105,,,,,,,2015-10-05,1,,,,,"イヨキカイ",0
2091,8500001024543,01,0,2022-10-31,2022-10-31,"上甲建設株式会社",,301,"愛媛県","大洲市","菅田町大竹甲１０８９番地１",,38,207,7950083,,,,,,,2022-10-31,1,,,,,"ジョウコウケンセツ",0
2092,8700150002081,11,0,2022-10-31,2021-12-31,"Ｆｉｄｅｎｔｉａ　Ｎｏ４１２　ＬＬＰ",,401,"東京都","千代田区","霞が関３丁目２－６東京倶楽部ビルディング６階",,13,101,1000013,"Ｏｎｅ　Ｌｉｍｅ　Ｓｔｒｅｅｔ　Ｌｏｎｄｏｎ　ＥＣ３Ｍ　７ＨＡ　ＵＫ",,,,,,2015-10-09,1,,,,,"フイデンテイアナンバーフオーワンツースエルエルピー",0
2093,8700150112104,01,0,2022-10-31,2022-10-31,"Ｆｕｇｒｏ　Ｓｉｎｇａｐｏｒｅ　Ｍａｒｉｎｅ　Ｐｔｅ　Ｌｔｄ",,401,,,,,,,,"３５　ＬＯＹＡＮＧ　ＣＲＥＳＣＥＮＴ　ＦＵＧＲＯ　ＨＯＵＳＥ　ＳＩＮＧＡＰＯＲＥ（５０９０１２）",,,,,,2022-10-31,1,,,,,"フグロシンガポールマリーンピーテイーイーリミテツド",0
2094,9010001021382,01,1,2022-10-31,2015-10-05,"第一化成産業株式会社",,301,"東京都","千代田区","神田神保町３丁目７番１号",,13,101,1010051,,,,,,,2015-10-05,1,"DAIICHI KASEI SANGYO CO., LTD.","Tokyo","3-7-1, KANDAJIMBOCHO, CHIYODA-KU",,"ダイイチカセイサンギョウ",0
2095,9010001116546,12,0,2022-10-31,2022-10-25,"株式会社ハンディインターナショナル",,301,"東京都","中央区","日本橋小伝馬町１６番５号",,13,102,1030001,,,,,,,2015-10-05,1,,,,,"ハンディインターナショナル",0
2096,9010001132171,01,1,2022-10-31,2015-10-05,"株式会社シンクロ・アトリエ",,301,"東京都","中央区","日本橋人形町３丁目１番１０号",,13,102,1030013,,,,,,,2015-10-05,1,,,,,"シンクロアトリエ",0
2097,9010001141759,01,1,2022-10-31,2015-10-05,"株式会社サン・アセット・リサーチ",,301,"東京都","中央区","日本橋蛎殻町１丁目２６番６号",,13,102,1030014,,,,,,,2015-10-05,1,,,,,"サンアセットリサーチ",0
2098,9010001230438,01,0,2022-10-31,2022-10-31,"株式会社アークレム",,301,"東京都","中央区","日本橋茅場町１丁目９番２号",,13,102,1030025,,,,,,,2022-10-31,1,,,,,"アークレム",0
2099,9010001230446,01,0,2022-10-31,2022-10-31,"徳慧株式会社",00128301,301,"東京都","文京区","水道２丁目８番１号ハウザス小日向３０２",,13,105,1120005,,,,,,,2022-10-31,1,,,,,"トクエ",0
2100,9010001230470,01,0,2022-10-31,2022-10-31,"Ｂｅｙｏｎｄ　Ｍａｔｅｒｉａｌｓ株式会社",,301,"東京都","千代田区","丸の内２丁目３番１号",,13,101,1000005,,,,,,,2022-10-31,1,,,,,"ビヨンドマテリアルズ",0
2101,9010002029342,01,1,2022-10-31,2015-10-05,"有限会社生活の花",,302,"東京都","文京区","湯島２丁目１９番１１号",,13,105,1130034,,,,,,,2015-10-05,1,,,,,"セイカツノハナ",0
2102,9010003025893,01,1,2022-10-31,2017-08-16,"ストラテジックパートナーズ合同会社",,305,"東京都","中央区","日本橋馬喰町２丁目５番１８号",,13,102,1030002,,,,,,,2017-08-16,0,,,,,"ストラテジックパートナーズ",0
2103,9010003025893,12,0,2022-10-31,2022-10-25,"ストラテジックパートナーズ合同会社",,305,"愛知県","刈谷市","若松町３丁目９",,23,210,4480858,,,,,,,2017-08-16,1,,,,,"ストラテジックパートナーズ",0
2104,9010005012857,21,0,2022-10-31,2022-10-28,"特定非営利活動法人日本文化を輸出する会",,399,"東京都","中央区","東日本橋２丁目１６－７ＡＮＮＩ東日本橋ビル７Ｆ",,13,102,1030004,,,2022-10-28,01,,,2015-10-05,1,,,,,"ニホンブンカヲユシュツスルカイ",0
2105,9010005031329,12,0,2022-10-31,2022-10-26,"一般社団法人ライフコネクト",,399,"静岡県","静岡市駿河区","敷地１丁目２５－２３号",,22,102,4228036,,,,,,,2020-01-23,1,,,,,"ライフコネクト",0
2106,9010005035726,01,0,2022-10-31,2022-10-31,"一般社団法人オルタナ１８",,399,"東京都","千代田区","丸の内３丁目１番１号東京共同会計事務所内",,13,101,1000005,,,,,,,2022-10-31,1,,,,,"オルタナエイティーン",0
2107,9010103001134,21,0,2022-10-31,2022-10-27,"合同会社ａｘｉｓ",,305,"東京都","八王子市","三崎町５番４号三崎町Ｕポートビル２１、４階",,13,201,1920084,,,2022-10-27,01,,,2017-05-31,1,,,,,,0
2108,9010401012741,01,1,2022-10-31,2015-10-05,"株式会社ジエットアバウト・ジャパン",,301,"東京都","港区","虎ノ門３丁目５番１号",,13,103,1050001,,,,,,,2015-10-05,1,,,,,"ジエットアバウトジャパン",0
2109,9010401040156,12,0,2022-10-31,2022-10-27,"株式会社共達",,301,"東京都","中央区","晴海１丁目８番１２号晴海アイランドトリトンスクエアオフィスタワーＺ７Ｆ",,13,102,1040053,,,,,,,2015-10-05,1,,,,,"キョウタツ",0
2110,9010401078972,12,0,2022-10-31,2022-10-11,"株式会社コムニコ",,301,"東京都","港区","虎ノ門４丁目１番１３号",,13,103,1050001,,,,,,,2015-10-05,1,,,,,"コムニコ",0
2111,9010401089532,71,0,2022-10-31,2022-10-11,"ＳＢＩレミット株式会社",,301,"東京都","港区","六本木１丁目６番１号",,13,103,1060032,,,,,,"令和４年９月３０日東京都港区六本木一丁目６番１号マネータップ株式会社（9010401144601）を合併",2015-10-05,1,,,,,"エスビーアイレミット",0
2112,9010401089573,12,0,2022-10-31,2022-10-12,"株式会社マテリアル・トレイディング・カンパニー",,301,"東京都","港区","虎ノ門１丁目２３番１号虎ノ門ヒルズ森タワー１８階",,13,103,1050001,,,,,,,2015-10-05,1,,,,,"マテリアルトレイディングカンパニー",0
2113,9010401106056,12,0,2022-10-31,2022-10-27,"株式会社グランドコム・カイコウ",,301,"埼玉県","桶川市","大字坂田８７２番地１２",,11,231,3630008,,,,,,,2015-10-05,1,,,,,"グランドコムカイコウ",0
2114,9010401109240,21,0,2022-10-31,2022-10-18,"Ｖａｌｕｅ　Ａｓｉａ　Ｊａｐａｎ株式会社",,301,"東京都","港区","元麻布３丁目１１番１０号",,13,103,1060046,,,2022-10-18,01,,,2015-10-05,1,,,,,"バリューアジアジャパン",0
2115,9010401144601,21,0,2022-10-31,2022-10-11,"マネータップ株式会社",,301,"東京都","港区","六本木１丁目６番１号",,13,103,1060032,,,2022-10-11,11,9010401089532,"令和４年９月３０日東京都港区六本木一丁目６番１号ＳＢＩレミット株式会社（9010401089532）に合併し解散",2019-03-26,1,,,,,"マネータップ",0
2116,9010401169284,12,0,2022-10-31,2022-10-13,"Ｒｉｓｋｉｆｉｅｄ　Ｊａｐａｎ株式会社",,301,"東京都","港区","赤坂１丁目１１番４４号赤坂インターシティ５階Ｍａｚａｒｓ・Ｊａｐａｎ株式会社内",,13,103,1070052,,,,,,,2022-09-02,1,,,,,"リスキファイドジャパン",0
2117,9010403014884,11,0,2022-10-31,2022-10-26,"合同会社ストゥラグル",,305,"東京都","世田谷区","岡本３丁目２４番１１号",,13,112,1570076,,,,,,,2016-06-09,1,,,,,"ストゥラグル",0
2118,9010403017846,01,1,2022-10-31,2017-12-20,"合同会社イワヤ",,305,"東京都","港区","赤坂７丁目６番４１－４０１号",,13,103,1070052,,,,,,,2017-12-20,0,,,,,"イワヤ",0
2119,9010403017846,12,0,2022-10-31,2022-10-27,"合同会社イワヤ",,305,"東京都","板橋区","小茂根１丁目２５－８フラッツ小茂根２０３",,13,119,1730037,,,,,,,2017-12-20,1,,,,,"イワヤ",0
2120,9010403021352,21,0,2022-10-31,2022-10-11,"大阪インベストメンツ３合同会社",,305,"東京都","港区","六本木１丁目６番１号泉ガーデンタワー",,13,103,1060032,,,2022-10-11,01,,,2019-08-29,1,,,,,"オオサカインベストメンツスリー",0
2121,9010403025519,12,0,2022-10-31,2022-10-26,"合同会社リプロ・スター",,305,"東京都","文京区","小石川１丁目２５番９号",,13,105,1120002,,,,,,,2021-06-15,1,,,,,"リプロスター",0
2122,9010405017638,21,0,2022-10-31,2022-10-11,"大阪インベストメンツ特定目的会社",,399,"東京都","港区","六本木１丁目６番１号泉ガーデンタワー",,13,103,1060032,,,2022-10-11,01,,,2019-04-18,1,,,,,"オオサカインベストメンツ",0
2123,9010501046458,01,1,2022-10-31,2020-11-10,"株式会社Ｄｅａｒｄｏｒｆｆ",,301,"東京都","台東区","東浅草２丁目４番９号１階",,13,106,1110025,,,,,,,2020-11-10,1,"Deardorff Co.,Ltd","Tokyo","1F,2-4-9,Higashiasakusa, Taito ku",,"ディアドルフ",0
2124,9010701022853,01,1,2022-10-31,2015-10-05,"マーケティングシステム株式会社",,301,"東京都","品川区","大崎１丁目１９番１３号",,13,109,1410032,,,,,,,2015-10-05,0,,,,,"マーケティングシステム",0
2125,9010701022853,12,1,2022-10-31,2017-03-31,"マーケティングシステム株式会社",,301,"東京都","品川区","北品川５丁目５番１５号大崎ブライトコア４階ＳＨＩＰ",,13,109,1410001,,,,,,,2015-10-05,1,,,,,"マーケティングシステム",0
2126,9010701033082,01,1,2022-10-31,2016-10-07,"華聖商業株式会社",,301,"東京都","品川区","八潮５丁目１０番５３－４０５号",,13,109,1400003,,,,,,,2016-10-07,1,,,,,"カセイショウギョウ",0
2127,9010801020303,01,1,2022-10-31,2015-10-05,"エム・アンド・エム株式会社",,301,"東京都","大田区","千鳥３丁目１３番３号",,13,111,1460083,,,,,,,2015-10-05,1,,,,,"エムアンドエム",0
2128,9010801033115,12,0,2022-10-31,2022-10-27,"株式会社ＯＵＥＮＴＡＩ",,301,"東京都","品川区","南大井１丁目７番１２号ＡＯ南大井Ａ棟１号室",,13,109,1400013,,,,,,,2022-07-12,1,,,,,"オウエンタイ",0
2129,9010801033387,01,0,2022-10-31,2022-10-31,"ｉｏｉ．ＦＩＲＳＴ株式会社",,301,"東京都","大田区","仲六郷２丁目２３番１号",,13,111,1440055,,,,,,,2022-10-31,1,,,,,"アイオーアイファースト",0
2130,9010901028114,12,0,2022-10-31,2022-10-26,"株式会社アナログＰＲ",,301,"東京都","港区","東麻布１丁目９番１１号ＧＲＯＷＴＨＢＹＩＯＱＷ－２５",,13,103,1060044,,,,,,,2015-10-05,1,,,,,"アナログピーアール",0
2131,9010902000022,01,1,2022-10-31,2015-10-05,"有限会社アイ・エス・アイ・コーポレーション",,302,"東京都","世田谷区","砧３丁目２番１０－３０１号",,13,112,1570073,,,,,,,2015-10-05,0,,,,,"アイエスアイコーポレーション",0
2132,9010902000022,12,1,2022-10-31,2017-07-24,"有限会社アイ・エス・アイ・コーポレーション",,302,"神奈川県","川崎市宮前区","菅生２丁目５番４２－５１５号リリーベル宮前ヒルズ",,14,136,2160015,,,,,,,2015-10-05,1,,,,,"アイエスアイコーポレーション",0
2133,9011001037261,01,1,2022-10-31,2015-10-05,"株式会社オン・エステート",,301,"東京都","渋谷区","道玄坂１丁目１７番１１号",,13,113,1500043,,,,,,,2015-10-05,1,,,,,"オンエステート",0
2134,9011001052186,12,0,2022-10-31,2022-10-26,"株式会社ユナイテッドスクエア",,301,"東京都","渋谷区","神宮前３丁目４０番９号",,13,113,1500001,,,,,,,2015-10-05,1,,,,,"ユナイテッドスクエア",0
2135,9011001073760,12,0,2022-10-31,2022-10-12,"株式会社ＭＵＫＩＮＫＥＮ",,301,"東京都","港区","南青山２丁目２番１５号",,13,103,1070062,,,,,,,2015-10-05,1,,,,,"ムキンケン",0
2136,9011001096885,01,1,2022-10-31,2015-10-05,"株式会社環境開発",,301,"東京都","渋谷区","笹塚２丁目３９番９号",00064624,13,113,1510073,,,,,,,2015-10-05,0,,,,,"カンキョウカイハツ",0
2137,9011001096885,12,1,2022-10-31,2016-10-28,"株式会社環境開発",,301,"東京都","渋谷区","本町１丁目５３番１１号キュービックＭ５０５号室",,13,113,1510071,,,,,,,2015-10-05,0,,,,,"カンキョウカイハツ",0
2138,9011001096885,12,0,2022-10-31,2022-10-27,"株式会社環境開発",,301,"東京都","世田谷区","梅丘２丁目３０番１０号アコードＡ号室",,13,112,1540022,,,,,,,2015-10-05,1,,,,,"カンキョウカイハツ",0
2139,9011001129439,12,0,2022-10-31,2022-10-19,"ミラフル株式会社",,301,"東京都","渋谷区","富ヶ谷２丁目２０番１６号上永ビル２階",,13,113,1510063,,,,,,,2019-08-13,1,,,,,"ミラフル",0
2140,9011001135016,01,1,2022-10-31,2020-07-31,"株式会社一陽",,301,"東京都","渋谷区","恵比寿２丁目５番７号",,13,113,1500013,,,,,,,2020-07-31,1,,,,,"イチヨオ",0
2141,9011001150527,01,0,2022-10-31,2022-10-31,"株式会社サンセットプロパティ",,301,"東京都","渋谷区","道玄坂２丁目１８番１１号サンモール道玄坂２０３号室",,13,113,1500043,,,,,,,2022-10-31,1,,,,,"サンセットプロパティ",0
2142,9011001150551,01,0,2022-10-31,2022-10-31,"株式会社ＨＵＭＰＤＡＹＳ",,301,"東京都","渋谷区","神宮前３丁目２５番６号神宮前ウィンテルビル２階",,13,113,1500001,,,,,,,2022-10-31,1,,,,,"ハンプデイズ",0
2143,9011003009779,12,0,2022-10-31,2022-10-19,"ダイレクトレスポンス合同会社",,305,"東京都","渋谷区","円山町１１－３",,13,113,1500044,,,,,,,2019-03-20,1,,,,,"ダイレクトレスポンス",0
2144,9011003012015,12,0,2022-10-31,2022-10-27,"合同会社ＣｏｏｐｅｒＬａｎｄ",,305,"東京都","新宿区","西新宿４丁目１７－３ベル・パークシティ西新宿４０５",,13,104,1600023,,,,,,,2020-12-28,1,,,,,"クーパーランド",0
2145,9011101065204,12,0,2022-10-31,2022-10-27,"株式会社レスペ",,301,"東京都","千代田区","四番町４番地９",,13,101,1020081,,,,,,,2015-10-05,1,,,,,"レスペ",0
2146,9011101071020,01,1,2022-10-31,2015-10-05,"株式会社宏豊",,301,"東京都","新宿区","百人町２丁目２１番１２号",,13,104,1690073,,,,,,,2015-10-05,0,,,,,"コウホウ",0
2147,9011101071020,12,1,2022-10-31,2017-08-14,"株式会社宏豊",,301,"東京都","世田谷区","松原１丁目３８－８",,13,112,1560043,,,,,,,2015-10-05,0,,,,,"コウホウ",0
2148,9011101071020,12,0,2022-10-31,2022-10-26,"株式会社宏豊",,301,"千葉県","柏市","南柏２丁目６－１８",,12,217,2770855,,,,,,,2015-10-05,1,,,,,"コウホウ",0
2149,9011101095201,12,0,2022-10-31,2022-10-12,"ＤｒｅａｍＦｉｎｔｅｃｈ株式会社",,301,"東京都","港区","六本木６丁目８番２９号六本木シローマンション３０３号",,13,103,1060032,,,,,,,2021-05-27,1,,,,,"ドリームフィンテック",0
2150,9011101097503,12,0,2022-10-31,2022-10-27,"株式会社Ｐａｌｅｔｔｅ",,301,"東京都","新宿区","新宿２丁目１２番１３号新宿アントレサロンビル２階",,13,104,1600022,,,,,,,2022-01-14,1,,,,,"パレット",0
2151,9011101100027,01,1,2022-10-31,2022-08-31,"株式会社ＶＲＩＴＩＭＥＳ",,301,"東京都","新宿区","南元町２５－１０",,13,104,1600012,,,,,,,2022-08-31,1,"VRITIMES,Inc.","Tokyo","25-10, minamimotomachi, Shinjuku ku",,"ブリタイムズ",0
2152,9011101100563,01,0,2022-10-31,2022-10-31,"株式会社ＳｅｔＵＲ",,301,"東京都","新宿区","新宿２丁目９番２２号",,13,104,1600022,,,,,,,2022-10-31,1,,,,,"セチュア",0
2153,9011101100571,01,0,2022-10-31,2022-10-31,"株式会社Ｐ＆Ｐコンサルティング",,301,"東京都","新宿区","西新宿３丁目３番１３号西新宿水間ビル６階",,13,104,1600023,,,,,,,2022-10-31,1,,,,,"ピーアンドピーコンサルティング",0
2154,9011101100670,01,0,2022-10-31,2022-10-31,"株式会社Ｑｕａｎｍａｔｉｃ",,301,"東京都","新宿区","西早稲田１丁目２２番３号",,13,104,1690051,,,,,,,2022-10-31,1,,,,,"クオンマティク",0
2155,9011101100679,01,0,2022-10-31,2022-10-31,"ＮＰＳ株式会社",,301,"東京都","新宿区","荒木町１０番地１４伍番館ビル２Ｆ",,13,104,1600007,,,,,,,2022-10-31,1,,,,,"ナプス",0
2156,9011101100687,01,0,2022-10-31,2022-10-31,"株式会社ランドリーライズ",,301,"東京都","新宿区","神楽坂３丁目４番地神楽坂山本ビル６階",,13,104,1620825,,,,,,,2022-10-31,1,,,,,"ランドリーライズ",0
2157,9011102029307,01,1,2022-10-31,2015-10-05,"有限会社神田あづま",,302,"東京都","新宿区","本塩町９番地",,13,104,1600003,,,,,,,2015-10-05,0,,,,,"カンダアズマ",0
2158,9011102029307,12,1,2022-10-31,2017-12-20,"有限会社神田あづま",,302,"東京都","新宿区","四谷本塩町４番２９号",,13,104,1600003,,,,,,,2015-10-05,1,,,,,"カンダアズマ",0
2159,9011303004562,01,0,2022-10-31,2022-10-31,"合同会社メゾン・エ・アッシュ",,305,"東京都","杉並区","高円寺北２丁目２番２５号",,13,115,1660002,,,,,,,2022-10-31,1,,,,,"メゾンエアッシュ",0
2160,9011305002829,12,0,2022-10-31,2022-10-24,"特定非営利活動法人みんなの進路委員会",,399,"東京都","杉並区","高円寺南４丁目３９－５鈴木方",,13,115,1660003,,,,,,,2022-07-06,1,,,,,"ミンナノシンロイインカイ",0
2161,9011503003265,12,0,2022-10-31,2022-10-24,"ブルーバードピクチャーズ合同会社",,305,"東京都","北区","赤羽西１丁目６番１－１８０３号赤羽アボードＩＩ",00128309,13,117,1150055,,,,,,,2017-05-09,1,,,,,"ブルーバードピクチャーズ",0
2162,9011601024270,12,0,2022-10-31,2022-10-27,"株式会社看板ボーイ",,301,"東京都","板橋区","徳丸１丁目３番５号",,13,119,1750083,,,,,,,2020-06-15,1,,,,,"カンバンボーイ",0
2163,9011701025739,01,0,2022-10-31,2022-10-31,"シンライ株式会社",,301,"東京都","江戸川区","平井６丁目５番１５号大熊ビル４０１号室",,13,123,1320035,,,,,,,2022-10-31,1,,,,,"シンライ",0
2164,9011801023725,01,1,2022-10-31,2015-10-05,"株式会社アシスト",,301,"東京都","足立区","島根３丁目７番１１号",,13,121,1210815,,,,,,,2015-10-05,1,,,,,"アシスト",0
2165,9011801041470,01,0,2022-10-31,2022-10-31,"株式会社リクー",,301,"東京都","足立区","新田３丁目３６番３１－１２０２号",,13,121,1230865,,,,,,,2022-10-31,1,,,,,"リクー",0
2166,9012305000368,01,1,2022-10-31,2015-10-05,"日の出が丘住宅団地管理組合法人",,399,"東京都","町田市","金井１丁目２８番１７号",,13,209,1950072,,,,,,,2015-10-05,1,,,,,"ヒノデガオカジュウタク",0
2167,9012401020732,01,1,2022-10-31,2015-10-05,"株式会社エス・ケーリース",,301,"東京都","調布市","仙川町２丁目７番地７",,13,208,1820002,,,,,,,2015-10-05,1,,,,,"エスケーリース",0
2168,9012402021663,01,1,2022-10-31,2015-10-05,"有限会社安川工務店",,302,"東京都","武蔵野市","御殿山２丁目２１番１８号",,13,203,1800005,,,,,,,2015-10-05,0,,,,,"ヤスカワコウムテン",0
2169,9012402021663,12,0,2022-10-31,2022-10-26,"有限会社安川工務店",,302,"東京都","東久留米市","滝山３丁目１１番１７号",,13,222,2030033,,,,,,,2015-10-05,1,,,,,"ヤスカワコウムテン",0
2170,9013202007976,01,1,2022-10-31,2015-10-05,"有限会社バイオーガニック研究所",,302,"東京都","目黒区","碑文谷６丁目１４番９号",,13,110,1520003,,,,,,,2015-10-05,1,,,,,"バイオーガニックケンキュウショ",0
2171,9013301049861,01,0,2022-10-31,2022-10-31,"株式会社グリーンハウス",,301,"東京都","豊島区","南池袋３丁目８－１ニックハイム南池袋２０３号",,13,116,1710022,,,,,,,2022-10-31,1,,,,,"グリーンハウス",0
2172,9013305003385,01,0,2022-10-31,2022-10-31,"一般社団法人日本アルベルゲ協会",,399,"東京都","豊島区","千早３丁目３７番２号",,13,116,1710044,,,,,,,2022-10-31,1,,,,,"ニホンアルベルゲキョウカイ",0
2173,9020001043905,21,0,2022-10-31,2022-10-25,"株式会社アベル",,301,"神奈川県","横浜市栄区","元大橋１丁目７番６号",,14,115,2470011,,,2022-10-25,01,,,2015-10-05,1,,,,,"アベル",0
2174,9020001061007,01,1,2022-10-31,2015-10-05,"株式会社ＫＰＣ",,301,"神奈川県","横浜市戸塚区","鳥が丘３番地１３",,14,110,2440001,,,,,,,2015-10-05,1,,,,,"ケーピーシー",0
2175,9020001114607,01,1,2022-10-31,2016-01-26,"株式会社山建",,301,"神奈川県","横浜市港南区","上大岡西３丁目１番５－６０２号",,14,111,2330002,,,,,,,2016-01-26,0,,,,,"ヤマケン",0
2176,9020001114607,12,1,2022-10-31,2017-05-09,"株式会社山建",,301,"神奈川県","鎌倉市","材木座６丁目８番２６号",,14,204,2480013,,,,,,,2016-01-26,1,,,,,"ヤマケン",0
2177,9020001148720,01,0,2022-10-31,2022-10-31,"ＤｒｅａｍＶｅｒｓｅ　ＪＡＰＡＮ株式会社",,301,"神奈川県","川崎市中原区","新丸子町７３３番地シャンテ美里５０１",,14,133,2110005,,,,,,,2022-10-31,1,,,,,"ドリームバースジャパン",0
2178,9020002056501,01,1,2022-10-31,2015-10-05,"有限会社よこはまワーク",,302,"神奈川県","横浜市保土ケ谷区","川島町５２３番地の５",,14,106,2400045,,,,,,,2015-10-05,1,,,,,"ヨコハマワーク",0
2179,9020005013978,01,1,2022-10-31,2018-12-19,"特定非営利活動法人相続・不動産研究所",,399,"神奈川県","横浜市神奈川区","台町１６番地１ソレイユ台町６０１",,14,102,2210834,,,,,,,2018-12-19,0,,,,,"ソウゾクフドウサンケンキュウジョ",0
2180,9020005013978,12,1,2022-10-31,2019-09-12,"特定非営利活動法人相続・不動産研究所",,399,"神奈川県","横浜市神奈川区","鶴屋町３丁目３５番地８タクエー横浜西口第２ビル５階",,14,102,2210835,,,,,,,2018-12-19,0,,,,,"ソウゾクフドウサンケンキュウジョ",0
2181,9020005013978,12,1,2022-10-31,2021-07-29,"特定非営利活動法人相続・不動産研究所",,399,"神奈川県","横浜市神奈川区","台町１７番地１マストビル８階Ｗ２号室",,14,102,2210834,,,,,,,2018-12-19,1,,,,,"ソウゾクフドウサンケンキュウジョ",0
2182,9021001021454,01,1,2022-10-31,2015-10-05,"株式会社ミリテック販売",,301,"神奈川県","厚木市","三田６３０番地の２５",,14,212,2430211,,,,,,,2015-10-05,0,,,,,"ミリテックハンバイ",0
2183,9021001021454,12,1,2022-10-31,2016-10-27,"株式会社ミリテック販売",,301,"神奈川県","厚木市","戸室３丁目９番２５号",,14,212,2430031,,,,,,,2015-10-05,1,,,,,"ミリテックハンバイ",0
2184,9021001033524,01,1,2022-10-31,2015-10-05,"株式会社タブチ・クリエイションズ",,301,"神奈川県","小田原市","西大友２０８番地９",,14,206,2500212,,,,,,,2015-10-05,1,,,,,"タブチクリエイションズ",0
2185,9021001040009,01,1,2022-10-31,2015-10-05,"株式会社ウノブン",,301,"神奈川県","横須賀市","安浦町３丁目１５番地",,14,201,2380012,,,,,,,2015-10-05,1,"UNOBUN CO., LTD.","Kanagawa","3-15, Yasuura-cho,Yokosuka-city",,"ウノブン",0
2186,9021001041171,21,0,2022-10-31,2022-10-26,"株式会社源工業所",,301,"神奈川県","横須賀市","西浦賀２丁目２０番１１号",,14,201,2390824,,,2022-10-26,01,,,2015-10-05,1,,,,,"ミナモトコウギョウショ",0
2187,9021001077307,01,0,2022-10-31,2022-10-31,"株式会社カミーノ",,301,"神奈川県","大和市","つきみ野１丁目２番地５８",,14,213,2420002,,,,,,,2022-10-31,1,,,,,"カミーノ",0
2188,9021001077315,01,0,2022-10-31,2022-10-31,"株式会社スローライフ",,301,"神奈川県","藤沢市","本町４丁目７－２５ココナッツ湘南１０１",,14,205,2510053,,,,,,,2022-10-31,1,,,,,"スローライフ",0
2189,9021002038811,21,0,2022-10-31,2022-10-26,"有限会社弥生",,302,"神奈川県","秦野市","渋沢２丁目６番３号",,14,211,2591322,,,2022-10-26,01,,,2015-10-05,1,,,,,"ヤヨイ",0
2190,9021002050824,01,1,2022-10-31,2015-10-05,"有限会社安愚楽",,302,"神奈川県","小田原市","栢山２６３１番地１",,14,206,2500852,,,,,,,2015-10-05,1,,,,,"アグラ",0
2191,9021003009357,12,0,2022-10-31,2022-10-26,"アトサービス合同会社",,305,"神奈川県","相模原市南区","当麻３５３９番地２７",,14,153,2520336,,,,,,,2020-05-18,1,,,,,"アトサービス",0
2192,9021003012303,01,0,2022-10-31,2022-10-31,"合同会社佐々木総合建設",,305,"神奈川県","平塚市","土屋１８７８番地の３０",,14,203,2591205,,,,,,,2022-10-31,1,,,,,"ササキソウゴウケンセツ",0
2193,9030001035307,01,1,2022-10-31,2015-10-05,"東京鋼板工業株式会社",,301,"埼玉県","草加市","青柳２丁目１８番５２号",,11,221,3400002,,,,,,,2015-10-05,0,,,,,"トウキョウコウハンコウギョウ",0
2194,9030001035307,12,1,2022-10-31,2017-07-31,"東京鋼板工業株式会社",,301,"埼玉県","草加市","稲荷２丁目１９番３号",,11,221,3400003,,,,,,,2015-10-05,1,,,,,"トウキョウコウハンコウギョウ",0
2195,9030001044266,11,0,2022-10-31,2022-10-25,"株式会社ゴールデンリバー",,301,"東京都","豊島区","池袋１丁目２－６ベルメゾン池袋７１４号",,13,116,1700014,,,,,,,2015-10-05,1,,,,,"ゴールデンリバー",0
2196,9030001072655,01,1,2022-10-31,2015-10-05,"株式会社ｍ　ｓｕｇａｗａｒａ",,301,"埼玉県","さいたま市岩槻区","並木１丁目２８番１－４０１号",,11,110,3390068,,,,,,,2015-10-05,0,,,,,"エムスガワラ",0
2197,9030001072655,12,0,2022-10-31,2022-10-27,"株式会社ｍ　ｓｕｇａｗａｒａ",,301,"東京都","港区","南青山２丁目２６番３６イーグルビル２階",,13,103,1070062,,,,,,,2015-10-05,1,,,,,"エムスガワラ",0
2198,9030001084048,01,1,2022-10-31,2015-10-05,"ウイングス株式会社",,301,"埼玉県","さいたま市北区","宮原町４丁目１３９番地２６",,11,102,3310812,,,,,,,2015-10-05,1,,,,,"ウイングス",0
2199,9030001116107,01,1,2022-10-31,2016-09-01,"株式会社イトハン",,301,"埼玉県","朝霞市","田島２丁目５番２５号",,11,227,3510032,,,,,,,2016-09-01,1,,,,,"イトハン",0
2200,9030001116759,01,1,2022-10-31,2016-10-14,"株式会社グランタウィッシュ",,301,"埼玉県","南埼玉郡宮代町","字道佛３５６番地１（５－５号）",,11,442,3450811,,,,,,,2016-10-14,0,,,,,"グランタウィッシュ",0
2201,9030001116759,12,1,2022-10-31,2022-10-20,"株式会社グランタウィッシュ",,301,"埼玉県","南埼玉郡宮代町","道佛３丁目２３番２３号",,11,442,3450811,,,,,,,2016-10-14,1,,,,,"グランタウィッシュ",0
2202,9030001146368,12,0,2022-10-31,2022-10-24,"ＡＩＬＡＢ株式会社",,301,"埼玉県","さいたま市中央区","上落合２丁目３番２号Ｍｉｏ新都心",,11,105,3380001,,,,,,,2022-01-17,1,,,,,"エイアイラボ",0
2203,9030001150790,01,0,2022-10-31,2022-10-31,"株式会社ＭＳＹ",,301,"埼玉県","川越市","霞ケ関東４丁目１１番地１７",,11,201,3501103,,,,,,,2022-10-31,1,,,,,"エムエスワイ",0
2204,9030002011802,01,1,2022-10-31,2015-10-05,"有限会社福茂",,302,"埼玉県","さいたま市北区","吉野町１丁目４１１番地８",,11,102,3310811,,,,,,,2015-10-05,1,,,,,"フクシゲ",0
2205,9030002076267,01,1,2022-10-31,2015-10-05,"有限会社メモリアル",,302,"埼玉県","川越市","大字天沼新田３３０番地",,11,201,3500806,,,,,,,2015-10-05,0,,,,,"メモリアル",0
2206,9030002076267,12,1,2022-10-31,2017-07-07,"有限会社メモリアル",,302,"埼玉県","川越市","大字小堤１８４番地６",,11,201,3500811,,,,,,,2015-10-05,1,,,,,"メモリアル",0
2207,9030002118985,01,1,2022-10-31,2015-10-05,"有限会社吉田ゴム製作所",,302,"埼玉県","大里郡寄居町","大字用土８２９",,11,408,3691201,,,,,,,2015-10-05,1,,,,,"ヨシダゴムセイサクショ",0
2208,9030003010332,12,0,2022-10-31,2022-10-25,"合同会社ダイレクトマーケティング",,305,"東京都","港区","南青山２丁目２－１５ＷＩＮ青山５３１",,13,103,1070062,,,,,,,2017-05-24,1,,,,,"ダイレクトマーケティング",0
2209,9030003016643,12,0,2022-10-31,2022-10-07,"Ｓ＆Ｇ合同会社",,305,"埼玉県","草加市","中央２丁目６－１",,11,221,3400016,,,,,,,2021-02-08,1,,,,,"エスアンドジー",0
2210,9040001016149,01,1,2022-10-31,2015-10-05,"株式会社イーテック",,301,"千葉県","千葉市緑区","土気町１４１７番地１０９",,12,105,2670061,,,,,,,2015-10-05,1,,,,,"イーテック",0
2211,9040001041551,01,1,2022-10-31,2015-10-05,"ヨーコー株式会社",,301,"千葉県","松戸市","本町１４番地１８",,12,207,2710091,,,,,,,2015-10-05,1,,,,,"ヨーコー",0
2212,9040001108508,12,0,2022-10-31,2022-10-26,"期発株式会社",,301,"東京都","港区","東新橋２丁目１０番１０号",,13,103,1050021,,,,,,,2019-03-28,1,,,,,"キハツ",0
2213,9040001118011,12,0,2022-10-31,2022-10-24,"ＷＩＮ　ＳＴＡＲ株式会社",,301,"千葉県","香取市","大倉丁子４０６－２",,12,236,2870012,,,,,,,2021-04-13,1,,,,,"ウィンスター",0
2214,9040001125602,01,0,2022-10-31,2022-10-31,"株式会社ＷＩＮＢＥ",,301,"千葉県","八千代市","八千代台東４丁目２１－３－１０２",,12,221,2760032,,,,,,,2022-10-31,1,,,,,"ウィンビー",0
2215,9040001125610,01,0,2022-10-31,2022-10-31,"株式会社フロイデＤａｎｋｅ",,301,"千葉県","習志野市","奏の杜１丁目３番１１号",,12,216,2750028,,,,,,,2022-10-31,1,,,,,"フロイデダンケ",0
2216,9040001125627,01,0,2022-10-31,2022-10-31,"株式会社響",,301,"千葉県","千葉市中央区","矢作町２０９番地",,12,101,2600851,,,,,,,2022-10-31,1,,,,,"ヒビキ",0
2217,9040001125635,01,0,2022-10-31,2022-10-31,"株式会社ＭＧ　ＭＮＢ",,301,"千葉県","四街道市","大日１９１番地１２",,12,228,2840001,,,,,,,2022-10-31,1,,,,,"エムジーエムエヌビー",0
2218,9040003017401,12,0,2022-10-31,2022-10-07,"合同会社バオ",,305,"千葉県","千葉市稲毛区","稲毛東６丁目２１番３－７号",,12,103,2630031,,,,,,,2021-04-09,1,,,,,"バオ",0
2219,9040003021171,01,0,2022-10-31,2022-10-31,"フォーザワールド合同会社",,305,"千葉県","船橋市","坪井東５丁目２０－１４",,12,204,2740060,,,,,,,2022-10-31,1,,,,,"フォーザワールド",0
2220,9050001022708,01,1,2022-10-31,2015-10-05,"株式会社ライスミル",,301,"茨城県","行方市","板峰１８７番地",,08,233,3113817,,,,,,,2015-10-05,1,,,,,"ライスミル",0
2221,9050001033457,01,1,2022-10-31,2015-10-05,"株式会社トヨサキ",,301,"茨城県","土浦市","永井１５８４番地",,08,203,3004101,,,,,,,2015-10-05,1,,,,,"トヨサキ",0
2222,9050002027004,01,1,2022-10-31,2015-10-05,"株式会社オーツキ",,301,"茨城県","神栖市","大野原７丁目７番２８号",,08,232,3140144,,,,,,,2015-10-05,1,,,,,"オーツキ",0
2223,9050003006948,01,0,2022-10-31,2022-10-31,"鮮友合同会社",,305,"茨城県","古河市","駒込３３２番地２",,08,204,3060121,,,,,,,2022-10-31,1,,,,,"セントモ",0
2224,9060001021584,01,1,2022-10-31,2015-10-05,"株式会社ＡＵＸ　ＤＥＳＩＧＮ",,301,"栃木県","足利市","上渋垂町２８９番地１",,09,202,3260335,,,,,,,2015-10-05,1,,,,,"エーユーエックスデザイン",0
2225,9060001022120,01,1,2022-10-31,2015-10-05,"株式会社リード・ブレイン",,301,"栃木県","那須塩原市","橋本町８番３０号",,09,213,3250043,,,,,,,2015-10-05,0,,,,,,0
2226,9060001022120,11,1,2022-10-31,2016-03-01,"株式会社シンシア",,301,"栃木県","那須塩原市","橋本町８番３０号",,09,213,3250043,,,,,,,2015-10-05,0,,,,,"シンシア",0
2227,9060001022120,12,1,2022-10-31,2016-03-01,"株式会社シンシア",,301,"栃木県","塩谷郡高根沢町","大字宝積寺２３３９番地４６",,09,386,3291233,,,,,,,2015-10-05,0,,,,,"シンシア",0
2228,9060001022120,12,1,2022-10-31,2017-01-20,"株式会社シンシア",,301,"栃木県","宇都宮市","今泉町５２２番地１０３号室",,09,201,3210962,,,,,,,2015-10-05,1,,,,,"シンシア",0
2229,9060001023234,12,0,2022-10-31,2022-10-26,"株式会社ＳＦＧ総研",,301,"栃木県","宇都宮市","錦２丁目４番５号ポケットオフィスＮＩＳＨＩＫＩ‐ＩＩ‐Ｃ号室",00128302,09,201,3210967,,,,,,,2015-10-05,1,,,,,"エスエフジーソウケン",0
2230,9060001035394,01,0,2022-10-31,2022-10-31,"ＧＡＺＩ　ＴＲＡＤＩＮＧ株式会社",,301,"栃木県","栃木市","大平町富田１９４番地２ファミール樹Ｂ－１０３号室",,09,203,3294404,,,,,,,2022-10-31,1,,,,,"ガジトレーディング",0
2231,9060002007855,01,1,2022-10-31,2015-10-05,"有限会社藤田商店",,302,"栃木県","宇都宮市","中央２丁目８番７号",,09,201,3200806,,,,,,,2015-10-05,1,,,,,"フジタショウテン",0
2232,9060003004281,01,0,2022-10-31,2022-10-31,"Ａ・Ｎ・Ｈ・ＴＲＡＤＩＮＧ合同会社",,305,"栃木県","足利市","鹿島町５５６－２ツルガイハイツ２０６",,09,202,3260844,,,,,,,2022-10-31,1,,,,,"エーエヌエイチトレーディング",0
2233,9060005008982,01,1,2022-10-31,2015-10-05,"特定非営利活動法人こころのバトン",,399,"栃木県","さくら市","氏家１７９９番地１",,09,214,3291311,,,,,,,2015-10-05,1,,,,,"ココロノバトン",0
2234,9070001008713,01,1,2022-10-31,2015-10-05,"株式会社ヨシザワデンキ",,301,"群馬県","高崎市","中豊岡町１２７番地",,10,202,3700874,,,,,,,2015-10-05,1,,,,,"ヨシザワデンキ",0
2235,9070001018373,01,1,2022-10-31,2015-10-05,"株式会社政臣",,301,"群馬県","安中市","大竹９６１番地４",,10,211,3790121,,,,,,,2015-10-05,1,,,,,"マサトミ",0
2236,9070002001535,01,1,2022-10-31,2015-10-05,"有限会社川島動物病院",,302,"群馬県","前橋市","駒形町３８番地",,10,201,3792122,,,,,,,2015-10-05,1,,,,,"カワシマドウブツビョウイン",0
2237,9080103002175,12,0,2022-10-31,2022-10-21,"合同会社Ｇｒａｔｅｆｕｌ　Ｄａｙｓ",,305,"静岡県","駿東郡清水町","長沢２４９番地１１０７号室",,22,341,4110905,,,,,,,2020-06-24,0,,,,,"グレイトフルデイズ",0
2238,9080103002175,11,0,2022-10-31,2022-10-21,"株式会社ブルーオーシャン",,301,"静岡県","駿東郡清水町","長沢２４９番地１１０７号室",,22,341,4110905,,,,,,,2020-06-24,0,,,,,"ブルーオーシャン",0
2239,9080103002175,12,0,2022-10-31,2022-10-28,"株式会社ブルーオーシャン",,301,"静岡県","熱海市","伊豆山６５９－１",,22,205,4130002,,,,,,,2020-06-24,1,,,,,"ブルーオーシャン",0
2240,9080401021819,01,1,2022-10-31,2016-10-27,"株式会社ボンズ",,301,"静岡県","浜松市中区","山下町７番地",,22,131,4300941,,,,,,,2016-10-27,1,,,,,"ボンズ",0
2241,9120001014103,01,1,2022-10-31,2015-10-05,"日本ニューマチック工業株式会社",,301,"大阪府","大阪市東成区","神路４丁目１１番５号",,27,115,5370003,,,,,,,2015-10-05,0,,,,,"ニッポンニューマチックコウギョウ",0
2242,9120001014103,71,1,2022-10-31,2017-10-02,"日本ニューマチック工業株式会社",,301,"大阪府","大阪市東成区","神路４丁目１１番５号",,27,115,5370003,,,,,,"平成２９年１０月１日東京都大田区大森北二丁目１７番２号日本ニューマチック建機株式会社（9010801009049）を合併",2015-10-05,0,,,,,"ニッポンニューマチックコウギョウ",0
2243,9120001014103,12,1,2022-10-31,2019-08-29,"日本ニューマチック工業株式会社",,301,"大阪府","大阪市阿倍野区","阿倍野筋１丁目１番４３号あべのハルカス２９階",,27,119,5450052,,,,,,,2015-10-05,0,,,,,"ニッポンニューマチックコウギョウ",0
2244,9120001014103,12,1,2022-10-31,2022-07-15,"日本ニューマチック工業株式会社",,301,"大阪府","大阪市東成区","神路４丁目１１番５号",,27,115,5370003,,,,,,,2015-10-05,1,,,,,"ニッポンニューマチックコウギョウ",0
2245,9120001023186,01,1,2022-10-31,2015-10-05,"株式会社栗谷会計",,301,"大阪府","大阪市天王寺区","大道３丁目３番１４号",,27,109,5430052,,,,,,,2015-10-05,1,,,,,"クリタニカイケイ",0
2246,9120001101545,01,1,2022-10-31,2015-10-05,"株式会社高木組",00028758,301,"大阪府","大阪市鶴見区","鶴見３丁目６番３９号",,27,124,5380053,,,,,,,2015-10-05,1,,,,,"タカギグミ",0
2247,9120001125362,01,1,2022-10-31,2015-10-05,"オリエントスター株式会社",,301,"大阪府","大阪市中央区","日本橋１丁目８－８カネヨシビル１Ｆ",,27,128,5420073,,,,,,,2015-10-05,1,,,,,"オリエントスター",0
2248,9120001141087,01,1,2022-10-31,2015-10-05,"株式会社ファンタジスタ",,301,"大阪府","大阪市東成区","大今里１丁目１５番１２号",,27,115,5370012,,,,,,,2015-10-05,1,,,,,"ファンタジスタ",0
2249,9120001141789,01,1,2022-10-31,2015-10-05,"株式会社Ｄ．Ｃ．Ｔ．",,301,"大阪府","大阪市中央区","難波３丁目５番１７号",,27,128,5420076,,,,,,,2015-10-05,1,,,,,"ディーシーティー",0
2250,9120001161283,01,1,2022-10-31,2015-10-05,"Ｉｎｃｒｅａｓｅ株式会社",,301,"大阪府","枚方市","長尾元町６丁目９番１８号",,27,210,5730163,,,,,,,2015-10-05,1,,,,,"インクリース",0
2251,9120001170722,12,0,2022-10-31,2022-10-26,"ＪＣＴＣジャパン株式会社",,301,"大阪府","大阪市都島区","東野田町１丁目２１番１４号",,27,102,5340024,,,,,,,2015-10-05,1,,,,,,0
2252,9120001210924,12,0,2022-10-31,2022-10-26,"ステラマーケティング株式会社",,301,"大阪府","大阪市中央区","松屋町住吉５番７",,27,128,5400017,,,,,,,2018-01-25,1,,,,,"ステラマーケティング",0
2253,9120001234907,12,0,2022-10-31,2022-10-27,"浩亮株式会社",,301,"大阪府","大阪市中央区","島之内１丁目１１－２９ＬＥＯＰＡＲＤ心斎橋６０２号",,27,128,5420082,,,,,,,2021-02-03,1,,,,,"コウリョウ",0
2254,9120001249657,01,0,2022-10-31,2022-10-31,"株式会社ピースタウン",,301,"大阪府","大阪市東淀川区","西淡路３丁目５番８号",,27,114,5330031,,,,,,,2022-10-31,1,,,,,"ピースタウン",0
2255,9120001249847,01,0,2022-10-31,2022-10-31,"株式会社ｍａｒｌ",,301,"大阪府","大阪市中央区","南船場４丁目１３番８号エステート心斎橋２０２",,27,128,5420081,,,,,,,2022-10-31,1,,,,,"マール",0
2256,9120001249855,01,0,2022-10-31,2022-10-31,"株式会社Ｄｅｒｉｓｗｅｒ",,301,"大阪府","大阪市中央区","森ノ宮中央２丁目１３番３５－７１６号",,27,128,5400003,,,,,,,2022-10-31,1,,,,,"ディライサー",0
2257,9120001249863,01,0,2022-10-31,2022-10-31,"株式会社リセット",,301,"大阪府","大阪市鶴見区","横堤４丁目１５番１号",,27,124,5380052,,,,,,,2022-10-31,1,,,,,"リセット",0
2258,9120001249871,01,0,2022-10-31,2022-10-31,"株式会社三陽紡日本科技",,301,"大阪府","大阪市西区","新町４丁目１番１１号",,27,106,5500013,,,,,,,2022-10-31,1,,,,,"サンヨウボウニホンカギ",0
2259,9120001249888,01,0,2022-10-31,2022-10-31,"峰傑株式会社",,301,"大阪府","大阪市浪速区","下寺３丁目１－１４エクレール夕陽ケ丘５号２０８号室",,27,111,5560001,,,,,,,2022-10-31,1,,,,,"ホウケツ",0
2260,9120001249896,01,0,2022-10-31,2022-10-31,"株式会社ＯＮＥ　ＡＳＩＡ",,301,"大阪府","大阪市中央区","久太郎町３丁目４番３０－９０８号",,27,128,5410056,,,,,,,2022-10-31,1,,,,,"ワンアジア",0
2261,9120002068791,11,0,2022-10-31,2022-10-27,"有限会社ＧＭＴ",,302,"大阪府","大阪市平野区","流町３丁目１２番２０号",,27,126,5470032,,,,,,,2015-10-05,1,,,,,"ジーエムティー",0
2262,9120005012383,01,1,2022-10-31,2015-10-05,"一般社団法人ライズ",,399,"大阪府","大阪市中央区","内本町１丁目３番１０号",,27,128,5400026,,,,,,,2015-10-05,0,,,,,"ライズ",0
2263,9120005012383,12,1,2022-10-31,2016-01-22,"一般社団法人ライズ",,399,"大阪府","大阪市西区","立売堀５丁目５番９号",,27,106,5500012,,,,,,,2015-10-05,0,,,,,"ライズ",0
2264,9120005012383,12,1,2022-10-31,2017-12-05,"一般社団法人ライズ",,399,"大阪府","大阪市西区","立売堀６丁目６番６号",,27,106,5500012,,,,,,,2015-10-05,0,,,,,"ライズ",0
2265,9120005012383,12,1,2022-10-31,2022-10-27,"一般社団法人ライズ",,399,"大阪府","大阪市東成区","深江北１丁目９番１７－３０６号",,27,115,5370001,,,,,,,2015-10-05,1,,,,,"ライズ",0
2266,9120901017130,12,0,2022-10-31,2022-10-25,"株式会社プリシア",,301,"大阪府","高槻市","大塚町２丁目４７番１２号",,27,207,5690034,,,,,,,2015-10-05,0,,,,,,0
2267,9120901017130,11,0,2022-10-31,2022-10-25,"株式会社進都地所",,301,"大阪府","高槻市","大塚町２丁目４７番１２号",,27,207,5690034,,,,,,,2015-10-05,1,,,,,"シントジショ",0
2268,9122001033025,12,0,2022-10-31,2022-10-27,"ワイズラボ株式会社",,301,"大阪府","茨木市","上中条１丁目１番４１号",,27,211,5670881,,,,,,,2019-10-03,1,,,,,"ワイズラボ",0
2269,9130001045246,21,0,2022-10-31,2022-10-24,"株式会社フェイス",,301,"京都府","京都市中京区","西ノ京池ノ内町１９番地９井上ビル２階",,26,104,6048375,,,2022-10-24,01,,,2015-10-05,1,,,,,,0
2270,9130001049890,01,1,2022-10-31,2015-10-05,"株式会社ＲｉｖｅｒＭａｉｌ",,301,"京都府","京都市山科区","四ノ宮神田町４２",,26,110,6078035,,,,,,,2015-10-05,1,,,,,"リバーメイル",0
2271,9130001055542,11,0,2022-10-31,2022-10-26,"株式会社ＮＫＩ",,301,"大阪府","大阪市生野区","巽東１丁目５－２７エレガントライフ巽３０１号",00108151,27,116,5440014,,,,,,,2015-10-05,1,,,,,"エヌケーアイ",0
2272,9130001071663,11,0,2022-10-31,2022-10-24,"イチ株式会社",,301,"京都府","京都市伏見区","深草下川原町５０番地４－２０３",,26,109,6128401,,,,,,,2022-04-28,1,,,,,"イチ",0
2273,9130001072876,01,0,2022-10-31,2022-10-31,"皮斯塔＿株式会社",00128299,301,"京都府","京都市伏見区","醍醐上ノ山町２１番地４醍醐上ノ山団地Ｃ２－１棟１０２号室",,26,109,6011371,,,,,,,2022-10-31,1,,,,,"ピスタチ",0
2274,9130002007146,01,1,2022-10-31,2015-10-05,"有限会社相良製材所",,302,"京都府","京都市下京区","梅小路東中町９９番地",,26,106,6008852,,,,,,,2015-10-05,1,,,,,"サガラセイザイショ",0
2275,9130002009654,12,0,2022-10-31,2022-10-25,"有限会社インシュアランス京都",,302,"京都府","京都市伏見区","向島善阿弥町５５番地６",,26,109,6128121,,,,,,,2015-10-05,1,,,,,"インシュアランスキョウト",0
2276,9130002033836,01,1,2022-10-31,2015-10-05,"ミザワ物産有限会社",,302,"京都府","京丹後市","網野町島津１５８番地",,26,212,6293121,,,,,,,2015-10-05,1,,,,,"ミザワブッサン",0
2277,9130003006790,21,0,2022-10-31,2022-10-25,"合同会社Ｓｅｒｅｎｄｉｐｉｔｙ",,305,"京都府","京都市中京区","壬生朱雀町３７番地９",,26,104,6048871,,,2022-10-25,01,,,2020-10-05,1,,,,,"セレンディピティ",0
2278,9140001056960,01,1,2022-10-31,2015-10-05,"アトリエラビック株式会社",,301,"兵庫県","豊岡市","昭和町５番８号",,28,209,6680055,,,,,,,2015-10-05,1,,,,,"アトリエラビック",0
2279,9140001065887,01,1,2022-10-31,2015-10-05,"魚田商工株式会社",,301,"兵庫県","姫路市","白浜町甲８３０番地４",,28,201,6728023,,,,,,,2015-10-05,1,,,,,"ウオタショウコウ",0
2280,9140001083393,01,1,2022-10-31,2015-10-05,"株式会社ウイズライフ",,301,"大阪府","大阪市城東区","中央１丁目１３番６－８０１号",,27,118,5360005,,,,,,,2015-10-05,0,,,,,"ウイズライフ",0
2281,9140001083393,12,1,2022-10-31,2022-10-13,"株式会社ウイズライフ",,301,"大阪府","大阪市北区","西天満３丁目４－５西天満ワークビル７Ｆ",,27,127,5300047,,,,,,,2015-10-05,1,,,,,"ウイズライフ",0
2282,9140001119957,21,0,2022-10-31,2022-10-26,"株式会社アクト・ラボ",,301,"兵庫県","尼崎市","昭和通２丁目６番６８号尼崎市中小企業センター３階",,28,202,6600881,,,2022-10-26,01,,,2021-01-05,1,,,,,"アクトラボ",0
2283,9140001127720,01,0,2022-10-31,2022-10-31,"株式会社ＢａｔｈＴｉｍｅＦｉｓｈ",,301,"兵庫県","神戸市長田区","西山町３丁目３番１３号",,28,106,6530862,,,,,,,2022-10-31,1,,,,,"バスタイムフィッシュ",0
2284,9140001127836,01,0,2022-10-31,2022-10-31,"株式会社ぷらんねる",,301,"兵庫県","神戸市中央区","浜辺通４丁目１番２３号三宮ベンチャービル６０２号室",,28,110,6510083,,,,,,,2022-10-31,1,,,,,"プランネル",0
2285,9140001127860,01,0,2022-10-31,2022-10-31,"株式会社山の厨",,301,"兵庫県","朝来市","和田山町東谷３丁目２６番地",,28,225,6695202,,,,,,,2022-10-31,1,,,,,"ヤマノクリヤ",0
2286,9140002046523,21,0,2022-10-31,2022-10-26,"とり若食品有限会社",,302,"兵庫県","豊岡市","出石町町分１０６番地の１０",,28,209,6680221,,,2022-10-26,01,,,2015-10-05,1,,,,,"トリワカショクヒン",0
2287,9140003012508,01,1,2022-10-31,2017-10-13,"合同会社ＡＹＡ",,305,"兵庫県","神戸市中央区","雲井通６丁目１番１５号",,28,110,6510096,,,,,,,2017-10-13,0,,,,,,0
2288,9140003012508,21,0,2022-10-31,2022-10-28,"合同会社ＡＹＡ",,305,"兵庫県","神戸市中央区","雲井通６丁目１番１５号",,28,110,6510096,,,2022-10-28,01,,,2017-10-13,1,,,,,,0
2289,9140003018298,01,0,2022-10-31,2022-10-31,"明海商事合同会社",,305,"兵庫県","明石市","小久保６丁目１２－１０マンションビクトリーＶ－３",,28,203,6730005,,,,,,,2022-10-31,1,,,,,"メイカイショウジ",0
2290,9140005013157,21,0,2022-10-31,2022-10-26,"一般財団法人姫路市学校給食会",,399,"兵庫県","姫路市","延末２９５番地（姫路市中央卸売市場内）",,28,201,6700966,,,2022-10-26,01,,,2015-10-05,1,,,,,"ヒメジシガッコウキュウショクカイ",0
2291,9150003002805,01,0,2022-10-31,2022-10-31,"合同会社インパルスエナジー",,305,"奈良県","奈良市","西千代ヶ丘３丁目２６番３０号",,29,201,6310046,,,,,,,2022-10-31,1,,,,,"インパルスエナジー",0
2292,9160001024593,01,0,2022-10-31,2022-10-31,"株式会社Ｍａｏｌｉ",,301,"滋賀県","甲賀市","水口町朝日が丘６－１７",,25,209,5280072,,,,,,,2022-10-31,1,,,,,"マオリ",0
2293,9180001002762,01,1,2022-10-31,2015-10-05,"株式会社バンダナ",,301,"愛知県","名古屋市名東区","亀の井２丁目７７番地",,23,115,4650094,,,,,,,2015-10-05,0,,,,,"バンダナ",0
2294,9180001002762,12,1,2022-10-31,2022-10-24,"株式会社バンダナ",,301,"愛知県","名古屋市名東区","一社３丁目３１番地ＵＲ一社東住宅２１２号",,23,115,4650093,,,,,,,2015-10-05,1,,,,,"バンダナ",0
2295,9180001078828,01,1,2022-10-31,2015-10-05,"沢田建設株式会社",,301,"愛知県","瀬戸市","共栄通７丁目１６番地",,23,204,4890809,,,,,,,2015-10-05,1,,,,,"サワダケンセツ",0
2296,9180001081609,01,1,2022-10-31,2015-10-05,"株式会社エムケイ",,301,"愛知県","犬山市","字佐ケ瀬３番地３３",,23,215,4840018,,,,,,,2015-10-05,1,,,,,"エムケイ",0
2297,9180001122197,01,1,2022-10-31,2016-02-19,"株式会社ドリームレインボー",,301,"愛知県","弥富市","鯏浦町上本田１６８番地",,23,235,4980021,,,,,,,2016-02-19,1,,,,,"ドリームレインボー",0
2298,9180001142872,01,1,2022-10-31,2020-09-17,"株式会社ＲＫグループ",,301,"愛知県","愛知郡東郷町","北山台４丁目８番地４ＮｏｒｔｈＨｉｌｌｓ",,23,302,4700152,,,,,,,2020-09-17,1,,,,,"アールケイグループ",0
2299,9180001153523,01,0,2022-10-31,2022-10-31,"株式会社ＡＪテクノロジーズ",,301,"愛知県","名古屋市中区","栄２丁目２番２３号アーク白川公園ビルディング本館０７０１",,23,106,4600008,,,,,,,2022-10-31,1,,,,,"エージェイテクノロジーズ",0
2300,9180001153564,01,0,2022-10-31,2022-10-31,"株式会社ＰａｎＵｐ",,301,"愛知県","名古屋市中区","新栄町２丁目４番地",,23,106,4600004,,,,,,,2022-10-31,1,,,,,"パンナップ",0
2301,9180001153572,01,0,2022-10-31,2022-10-31,"株式会社ＮＩＰＰＯＮ　ＷＯＲＫＳ",,301,"愛知県","名古屋市西区","名駅２丁目３４番１７号",,23,104,4510045,,,,,,,2022-10-31,1,,,,,"ニッポンワークス",0
2302,9180001153580,01,0,2022-10-31,2022-10-31,"株式会社ＴＭＡＹＫＥＲ",,301,"愛知県","名古屋市昭和区","松風町２丁目１番地の１",,23,107,4660035,,,,,,,2022-10-31,1,,,,,"ティーメイカー",0
2303,9180001153589,01,0,2022-10-31,2022-10-31,"山本工業株式会社",,301,"愛知県","清須市","桃栄４丁目３９番地",,23,233,4520918,,,,,,,2022-10-31,1,,,,,"ヤマモトコウギョウ",0
2304,9180002013602,12,0,2022-10-31,2022-10-27,"有限会社享楽",,302,"愛知県","名古屋市南区","神松町３丁目３番地",,23,112,4570824,,,,,,,2015-10-05,1,,,,,,0
2305,9180002067466,01,1,2022-10-31,2015-10-05,"有限会社宮崎モータース",,302,"愛知県","春日井市","八田町２丁目４４番地の２０",,23,206,4860849,,,,,,,2015-10-05,1,,,,,"ミヤザキモータース",0
2306,9180002089361,01,1,2022-10-31,2015-10-05,"有限会社大白産業",,302,"愛知県","津島市","愛宕町３丁目１番地の２",,23,208,4960036,,,,,,,2015-10-05,1,,,,,"ダイビャクサンギョウ",0
2307,9180003018443,01,1,2022-10-31,2017-11-16,"合同会社武咲",,305,"愛知県","津島市","莪原町字西屋敷１０２番地１",,23,208,4960011,,,,,,,2017-11-16,1,,,,,"タケサキ",0
2308,9180003020291,21,0,2022-10-31,2022-10-25,"ＳＡＭＥＴ合同会社",,305,"愛知県","あま市","七宝町伊福河原８０番地３リーブルファイン七宝町ＩＩＩ１０２",00125467,23,237,4970005,,,2022-10-25,01,,,2019-08-27,1,,,,,"サメット",0
2309,9180003024409,01,0,2022-10-31,2022-10-31,"ＹＩＹＩＴＴＯ合同会社",,305,"愛知県","小牧市","城山１丁目６番地１",,23,219,4850812,,,,,,,2022-10-31,1,,,,,"イイット",0
2310,9180005012931,01,1,2022-10-31,2015-10-05,"瑞泉寺",,399,"愛知県","津島市","舟戸町４０番地",,23,208,4960843,,,,,,,2015-10-05,1,,,,,"ズイセンジ",0
2311,9190002002389,01,1,2022-10-31,2015-10-05,"長谷川設備有限会社",,302,"三重県","津市","安濃町内多２５１６番地",,24,201,5142303,,,,,,,2015-10-05,1,,,,,"ハセガワセツビ",0
2312,9190005004358,01,1,2022-10-31,2015-10-05,"要泉寺",,399,"三重県","鈴鹿市","国府町２４２５番地",,24,207,5130836,,,,,,,2015-10-05,1,,,,,"ヨウセンジ",0
2313,9200001014458,12,0,2022-10-31,2022-10-24,"若山商事株式会社",,301,"愛知県","春日井市","岩成台３丁目６番地１５",,23,206,4870033,,,,,,,2015-10-05,1,,,,,"ワカヤマショウジ",0
2314,9200003000068,01,1,2022-10-31,2015-10-05,"合名会社篠田事務所",,303,"岐阜県","岐阜市","清住町１丁目４番地",,21,201,5008178,,,,,,,2015-10-05,1,,,,,"シノダジムショ",0
2315,9210001010381,12,0,2022-10-31,2022-10-28,"ＦＫロジスティクス株式会社",,301,"福井県","坂井市","坂井町木部新保第３２号４番地１",,18,210,9190536,,,,,,,2015-10-05,1,,,,,"エフケーロジスティクス",0
2316,9230001010487,21,0,2022-10-31,2022-10-27,"株式会社燕昇司",,301,"富山県","高岡市","問屋町２５番地",,16,202,9330804,,,2022-10-27,01,,,2015-10-05,1,,,,,"エンショウジ",0
2317,9230001019561,01,0,2022-10-31,2022-10-31,"沼部興業株式会社",,301,"富山県","滑川市","上小泉２６８２番地４",,16,206,9360053,,,,,,,2022-10-31,1,,,,,"ヌマベコウギョウ",0
2318,9240002035862,12,0,2022-10-31,2022-10-19,"有限会社伊勢屋コンサルタント",,302,"広島県","江田島市","大柿町大君２３８９番地２",,34,215,7372212,,,,,,,2015-10-05,1,,,,,"イセヤコンサルタント",0
2319,9290001058959,01,1,2022-10-31,2015-10-05,"株式会社ブルーミント",,301,"福岡県","福津市","東福間３丁目１２番２号",,40,224,8113225,,,,,,,2015-10-05,1,,,,,"ブルーミント",0
2320,9290001099375,01,0,2022-10-31,2022-10-31,"株式会社ＭＮＮ",,301,"福岡県","筑後市","大字山ノ井２４０番地１エイルヴィラ羽犬塚駅前プレステージ７０２号",,40,211,8330031,,,,,,,2022-10-31,1,,,,,"エムエヌエヌ",0
2321,9290001099383,01,0,2022-10-31,2022-10-31,"ライズトレーディング株式会社",,301,"福岡県","福岡市博多区","博多駅東２丁目４－６",,40,132,8120013,,,,,,,2022-10-31,1,,,,,"ライズトレーディング",0
2322,9290005000405,01,1,2022-10-31,2015-10-05,"天理教千代松原分教会",,399,"福岡県","福岡市東区","馬出１丁目１５番３８号",,40,131,8120054,,,,,,,2015-10-05,0,,,,,"テンリキョウチヨマツバラブンキョウカイ",0
2323,9290005000405,12,1,2022-10-31,2022-10-26,"天理教千代松原分教会",,399,"福岡県","福岡市東区","東浜１丁目６番１４号",,40,131,8120055,,,,,,,2015-10-05,1,,,,,"テンリキョウチヨマツバラブンキョウカイ",0
2324,9290005011154,21,0,2022-10-31,2022-10-19,"医療法人津末医院",,399,"福岡県","柳川市","三橋町久末８０９番地１",,40,207,8320816,,,2022-10-19,01,,,2015-10-05,1,,,,,"ツノスエイイン",0
2325,9290801028995,01,0,2022-10-31,2022-10-31,"株式会社アイル",,301,"福岡県","北九州市八幡西区","則松５丁目１０番３０号",,40,109,8070831,,,,,,,2022-10-31,1,,,,,"アイル",0
2326,9300002011287,01,1,2022-10-31,2015-10-05,"有限会社唐津緑化サービス",,302,"佐賀県","唐津市","相知町平山上乙８３７番地",,41,202,8493203,,,,,,,2015-10-05,0,,,,,"カラツリョッカサービス",0
2327,9300002011287,12,1,2022-10-31,2022-10-21,"有限会社唐津緑化サービス",,302,"佐賀県","唐津市","相知町平山下７８３番地４",,41,202,8493202,,,,,,,2015-10-05,1,,,,,"カラツリョッカサービス",0
2328,9310001014653,01,1,2022-10-31,2017-01-11,"株式会社瑞幸窯",,301,"長崎県","東彼杵郡波佐見町","村木郷１３０番地２",,42,323,8593728,,,,,,,2017-01-11,1,,,,,"ズイコウガマ",0
2329,9310002007912,12,0,2022-10-31,2022-10-28,"株式会社メタルアート",,301,"長崎県","西彼杵郡時津町","日並郷２１９５番地６６",,42,308,8512108,,,,,,,2015-10-05,1,,,,,"メタルアート",0
2330,9310002013217,21,0,2022-10-31,2022-10-28,"有限会社久地浦商店",,302,"長崎県","佐世保市","吉井町大渡４１番地",,42,202,8596325,,,2022-10-28,01,,,2015-10-05,1,,,,,"クチウラショウテン",0
2331,9320005010029,01,0,2022-10-31,2022-10-31,"特定非営利活動法人のや里山舎",,399,"大分県","玖珠郡九重町","大字野上２６６８番地の１",,44,461,8794802,,,,,,,2022-10-31,1,,,,,,0
2332,9330001002755,12,0,2022-10-31,2022-10-25,"株式会社大翔設計",,301,"熊本県","熊本市中央区","千葉城町３番２１号",,43,101,8600001,,,,,,,2015-10-05,1,,,,,"ダイショウセッケイ",0
2333,9330001005262,21,0,2022-10-31,2022-10-28,"株式会社三角エンタープライズ",,301,"熊本県","熊本市中央区","保田窪１丁目２番１号",,43,101,8620926,,,2022-10-28,01,,,2015-10-05,1,,,,,"ミスミエンタープライズ",0
2334,9340003003940,01,0,2022-10-31,2022-10-31,"合同会社ヘヴン",,305,"鹿児島県","熊毛郡中種子町","納官５４２９",,46,501,8913601,,,,,,,2022-10-31,1,,,,,"ヘヴン",0
2335,9350001006060,01,1,2022-10-31,2015-10-05,"株式会社はせがわ本舗",,301,"宮崎県","日向市","大字日知屋１１０８１番地",,45,206,8830062,,,,,,,2015-10-05,0,,,,,"ハセガワホンポ",0
2336,9350001006060,12,1,2022-10-31,2022-10-25,"株式会社はせがわ本舗",,301,"宮崎県","日向市","不動寺９６番地",,45,206,8830037,,,,,,,2015-10-05,1,,,,,"ハセガワホンポ",0
2337,9350002000715,01,1,2022-10-31,2015-10-05,"有限会社エム・クリエーション",,302,"宮崎県","宮崎市","城ケ崎２丁目１５番地６",,45,201,8800917,,,,,,,2015-10-05,1,,,,,"エムクリエーション",0
2338,9360001021240,12,0,2022-10-31,2022-10-25,"有間商事株式会社",,301,"沖縄県","豊見城市","字瀬長１１７番地１",,47,212,9010233,,,,,,,2016-08-29,1,,,,,"アリマショウジ",0
2339,9360001031074,01,0,2022-10-31,2022-10-31,"株式会社ホルミシスルーム沖縄",,301,"沖縄県","宜野湾市","真志喜１丁目１番３－１０３号サンフラワーマンション",,47,205,9012224,,,,,,,2022-10-31,1,,,,,"ホルミシスルームオキナワ",0
2340,9360001031124,01,0,2022-10-31,2022-10-31,"株式会社Ａｉ",,301,"沖縄県","宮古島市","平良字西里１１３７番地２",,47,214,9060012,,,,,,,2022-10-31,1,,,,,"アイ",0
2341,9370001008724,01,1,2022-10-31,2015-10-05,"株式会社ＪＣ－２１教育センター",,301,"宮城県","仙台市青葉区","花京院１丁目３番１号",,04,101,9800013,,,,,,,2015-10-05,1,,,,,,0
2342,9370001022304,01,1,2022-10-31,2015-10-05,"株式会社コムワン",,301,"宮城県","仙台市若林区","六丁目字南９７番３",,04,103,9840031,,,,,,,2015-10-05,1,,,,,"コムワン",0
2343,9370005001683,01,1,2022-10-31,2015-10-05,"全日本電機電子情報関連産業労働組合連合会ＮＥＣトーキン労働組合",,399,"宮城県","仙台市太白区","郡山６丁目７番１号",,04,104,9820003,,,,,,,2015-10-05,0,,,,,,0
2344,9370005001683,11,1,2022-10-31,2017-09-15,"全日本電機電子情報関連産業労働組合連合会トーキン労働組合",,399,"宮城県","仙台市太白区","郡山６丁目７番１号",,04,104,9820003,,,,,,,2015-10-05,1,,,,,"ゼンニホンデンキデンシジョウホウカンレンサンギョウレンゴウカイトーキン",0
2345,9370005001799,12,0,2022-10-31,2022-10-05,"特定非営利活動法人グループゆう",,399,"宮城県","仙台市泉区","南中山２丁目１２番地の３",,04,105,9813213,,,,,,,2015-10-05,1,,,,,"グループユウ",0
2346,9380001021453,12,0,2022-10-31,2022-10-27,"株式会社ＣＡＳＩ企画",,301,"東京都","港区","愛宕１丁目１番１－１２１０号",,13,103,1050002,,,,,,,2015-10-05,1,,,,,"シーエーエスアイキカク",0
2347,9380002010190,01,1,2022-10-31,2015-10-05,"有限会社鈴木農園",,302,"福島県","郡山市","田村町大供字向１７３番地",,07,203,9631153,,,,,,,2015-10-05,1,,,,,"スズキノウエン",0
2348,9380003005306,01,0,2022-10-31,2022-10-31,"Ｂａｓｉｑ合同会社",,305,"福島県","西白河郡西郷村","大字小田倉字大平３５－７",,07,461,9618061,,,,,,,2022-10-31,1,,,,,"ベーシック",0
2349,9380005011343,21,0,2022-10-31,2022-10-26,"アセアンアパレル協同組合",,399,"福島県","郡山市","田村町守山字彌明２１番地",,07,203,9631155,,,2022-10-26,01,,,2015-10-05,1,,,,,"アセアンアパレル",0
2350,9390002003821,21,0,2022-10-31,2022-10-26,"有限会社東北空調設備",,302,"山形県","東村山郡山辺町","大字山辺９４９番地",,06,301,9900301,,,2022-10-26,01,,,2015-10-05,1,,,,,"トウホククウチョウセツビ",0
2351,9390002010198,01,1,2022-10-31,2015-10-05,"有限会社トライアングル",,302,"山形県","鶴岡市","藤島字笹花４５番地の１８",,06,203,9997601,,,,,,,2015-10-05,1,,,,,"トライアングル",0
2352,9400005008097,01,1,2022-10-31,2020-10-13,"一般社団法人クール",,399,"岩手県","花巻市","諏訪３３０番地１",,03,205,0250033,,,,,,,2020-10-13,1,,,,,,0
2353,9420003002595,01,0,2022-10-31,2022-10-31,"合同会社キムラＯＡ",,305,"青森県","上北郡東北町","字上笹橋４番地",,02,408,0392661,,,,,,,2022-10-31,1,,,,,"キムラオーエー",0
2354,9430002039745,01,1,2022-10-31,2015-10-05,"有限会社スタジオプロスペクト",,302,"北海道","札幌市中央区","北二条西１０丁目２番地７",,01,101,0600002,,,,,,,2015-10-05,0,,,,,"スタジオプロスペクト",0
2355,9430002039745,12,1,2022-10-31,2022-10-21,"有限会社スタジオプロスペクト",,302,"北海道","札幌市白石区","川下四条２丁目３番１０号",,01,104,0030864,,,,,,,2015-10-05,1,,,,,"スタジオプロスペクト",0
2356,9430002054950,21,0,2022-10-31,2022-10-20,"有限会社日本サニタリーコンサルタント",,302,"北海道","小樽市","花園２丁目１２番１３号",,01,203,0470024,,,2022-10-20,01,,,2015-10-05,1,,,,,"ニホンサニタリーコンサルタント",0
2357,9430002056229,01,1,2022-10-31,2015-10-05,"有限会社イゲタ堀水産",,302,"北海道","古平郡古平町","大字入船町４３番地",,01,406,0460104,,,,,,,2015-10-05,1,,,,,"イゲタホリスイサン",0
2358,9430002063522,01,1,2022-10-31,2015-10-05,"有限会社渡辺商店",,302,"北海道","伊達市","有珠町２５９番地",,01,233,0590151,,,,,,,2015-10-05,1,,,,,"ワタナベショウテン",0
2359,9430005014448,12,0,2022-10-31,2022-10-27,"一般社団法人コイノニア",,399,"北海道","札幌市手稲区","前田九条１９丁目４－１８",,01,109,0060819,,,,,,,2022-04-15,1,,,,,"コイノニア",0
2360,9430005014588,01,0,2022-10-31,2022-10-31,"一般社団法人全国精神障害者福祉事業者協会",,399,"北海道","苫小牧市","日吉町４丁目１番８号",,01,213,0530816,,,,,,,2022-10-31,1,,,,,"ゼンコクセイシンショウガイシャフクシジギョウシャキョウカイ",0
2361,9460001002065,01,1,2022-10-31,2015-10-05,"北翔電材株式会社",,301,"北海道","釧路市","若竹町６番１３号",,01,206,0850036,,,,,,,2015-10-05,1,,,,,"ホクショウデンザイ",0
2362,9480002009090,21,0,2022-10-31,2022-10-25,"有限会社黒田屋",,302,"徳島県","吉野川市","鴨島町鴨島５９４番地",,36,205,7760010,,,2022-10-25,01,,,2015-10-05,1,,,,,"クロダヤ",0
2363,9490001000768,01,1,2022-10-31,2015-10-05,"株式会社澤田",,301,"高知県","高知市","東石立町１０６番地",,39,201,7808039,,,,,,,2015-10-05,0,,,,,"サワダ",0
2364,9490001000768,12,1,2022-10-31,2016-02-04,"株式会社澤田",,301,"高知県","高知市","石立町５３番地２",,39,201,7808038,,,,,,,2015-10-05,1,,,,,"サワダ",0
2365,9490001010313,01,0,2022-10-31,2022-10-31,"株式会社Ｒｅａｄｉｎｅｓｓ",,301,"高知県","高知市","梅ノ辻１６番２４号",00128307,39,201,7808011,,,,,,,2022-10-31,1,,,,,"レディネス",0
2366,9500001011656,01,1,2022-10-31,2015-10-05,"四国寝具株式会社",,301,"愛媛県","今治市","菊間町浜８５９番地１",,38,202,7992303,,,,,,,2015-10-05,1,,,,,"シコクシング",0
2367,9500001024559,01,0,2022-10-31,2022-10-31,"株式会社ｎｏｍａｄ’ｓ",,301,"愛媛県","松山市","宮田町１３１番地１クラースタワー松山駅前６０１号",,38,201,7900066,,,,,,,2022-10-31,1,,,,,"ノマズ",0
2368,9500002013123,01,1,2022-10-31,2015-10-05,"門石手袋有限会社",,302,"愛媛県","八幡浜市","穴井３番耕地６１５番地",,38,204,7968054,,,,,,,2015-10-05,1,,,,,"カドイシテブクロ",0
2369,9500005002296,21,0,2022-10-31,2022-10-28,"東温市土地開発公社",,399,"愛媛県","東温市","見奈良５３０番地１",,38,215,7910211,,,2022-10-28,01,,,2015-10-05,1,,,,,"トウオンシ",0
2370,9500005007601,01,1,2022-10-31,2015-10-05,"農事組合法人八反地営農組合",,399,"愛媛県","松山市","八反地甲２２８番地１",,38,201,7992424,,,,,,,2015-10-05,1,,,,,"ハッタンジエイノウクミアイ",0
2371,9700150101758,12,0,2022-10-31,2022-08-17,"ＷＡＺＥＥＭ　ＴＲＡＤＩＮＧ　ＣＯＭＰＡＮＹ　ＬＡＮＫＡ　ＰＶＴ　ＬＴＤ．",,401,"千葉県","山武市","森１４４６－４２",,12,237,2891214,"スリランカ民主社会主義共和国、ＮＯ．１２３／２、モスクロード、クルゴダ、アクラナ、キャンディ",,,,,,2021-01-22,1,,,,,"ワジームトレーデイングカンパニーランカピーヴイテイエルテイデイ",0
2372,9700150109173,01,0,2022-10-31,2022-06-01,"Ｒｅｃ",,499,"大阪府","大阪市西成区","南開１丁目２－２２",,27,122,5570023,,,,,,,2022-06-01,1,,,,,"レツク",0
2373,9700150112169,11,0,2022-10-31,2022-10-24,"蘇州海博納国際貿易有限公司",,401,,,,,,,,"中国（江蘇）自由貿易試験区蘇州片区蘇州工業園区蘇虹東路３９１号４楼４０７室",,,,,,2022-10-17,1,,,,,"ソシユウカイハクノウコクサイボウエキユウゲンコウシ",0
