sequenceNumber,corporateNumber,process,correct,updateDate,changeDate,name,nameImageId,kind,prefectureName,cityName,streetNumber,addressImageId,prefectureCode,cityCode,postCode,addressOutside,addressOutsideImageId,closeDate,closeCause,successorCorporateNumber,changeCause,assignmentDate,latest,enName,enPrefectureName,enCityName,enAddressOutside,furigana,hihyoji
3,1010001264055,新規,0,2026-04-02,2026-04-02,ＴＣＧ２６０１株式会社,,株式会社,東京都,千代田区,丸の内１丁目５番１号,,13,101,1000005,,,,,,,2026-04-02,1,,,,,ティーシージーニーロクゼロイチ,0
4,1010003050908,新規,0,2026-04-02,2026-04-02,合同会社Ｚｅｎｉｔｈ　ＡＩ　Ｎｅｔｗｏｒｋ,,合同会社,東京都,中央区,日本橋兜町５－１平和ビル３Ｆ,,13,102,1030026,,,,,,,2026-04-02,1,,,,,ゼニスエーアイネットワーク,0
5,1010003050924,新規,0,2026-04-02,2026-04-02,合同会社ＭＩＭＩ,,合同会社,東京都,中央区,勝どき６丁目３番１－２５１６号,,13,102,1040054,,,,,,,2026-04-02,1,,,,,ミミ,0
6,1010005041590,新規,0,2026-04-02,2026-04-02,一般社団法人Ｒオフィス１号,,その他の設立登記法人,東京都,千代田区,丸の内１丁目４番１号東京共同会計事務所内,,13,101,1000005,,,,,,,2026-04-02,1,,,,,アールオフィスイチゴウ,0
7,1010101017164,新規,0,2026-04-02,2026-04-02,株式会社ＳｋｙＮｅｘａ,,株式会社,東京都,八王子市,明神町４丁目３番８号９４０ｂｌｄｇ．４階,,13,201,1920046,,,,,,,2026-04-02,1,,,,,スカイネクサ,0
15,1010403037777,新規,0,2026-04-02,2026-04-02,合同会社ＴＡＭＡ,,合同会社,東京都,港区,北青山１丁目３番１号,,13,103,1070061,,,,,,,2026-04-02,1,,,,,タマ,0
19,1010901059232,新規,0,2026-04-02,2026-04-02,株式会社Ｓｔｕｄｉｏ　ＭＯＲＯ,,株式会社,東京都,世田谷区,梅丘２丁目１０番１６－３０５号,,13,112,1540022,,,,,,,2026-04-02,1,,,,,スタジオモロ,0
26,1011001176348,新規,0,2026-04-02,2026-04-02,株式会社ＰＵＲＥ．,,株式会社,東京都,渋谷区,広尾１丁目３番１０号,,13,113,1500012,,,,,,,2026-04-02,1,,,,,ピュール,0
27,1011001176471,新規,0,2026-04-02,2026-04-02,株式会社ＣＵＥ　ＩＭＡＧＩＮＩＮＧ,,株式会社,東京都,渋谷区,恵比寿西２丁目４－８ウィンド恵比寿ビル８階,,13,113,1500021,,,,,,,2026-04-02,1,,,,,キューイマジニング,0
28,1011001176513,新規,0,2026-04-02,2026-04-02,株式会社ステイ・ヒューマン,,株式会社,東京都,渋谷区,道玄坂１丁目１０番８号渋谷道玄坂東急ビル２Ｆ－Ｃ,,13,113,1500043,,,,,,,2026-04-02,1,,,,,ステイヒューマン,0
29,1011001176579,新規,0,2026-04-02,2026-04-02,株式会社１５ｌａｂ,,株式会社,東京都,渋谷区,上原２丁目３６番１１号,,13,113,1510064,,,,,,,2026-04-02,1,,,,,イチゴラボ,0
32,1011101115404,新規,0,2026-04-02,2026-04-02,株式会社日税デジタルサービス,,株式会社,東京都,新宿区,西新宿１丁目６番１号,,13,104,1600023,,,,,,,2026-04-02,1,,,,,ニチゼイデジタルサービス,0
36,1011301031384,新規,0,2026-04-02,2026-04-02,株式会社ｉｎｘｔｏｒ,,株式会社,東京都,杉並区,上荻２丁目９番１２号,,13,115,1670043,,,,,,,2026-04-02,1,,,,,インター,0
38,1011401027902,新規,0,2026-04-02,2026-04-02,Ａｂｎｏｕｓ　Ｐｏｄｉａ　Ｉｎｖｅｓｔ＆Ａｒｃｈｉｔｅｃｔ株式会社,,株式会社,東京都,板橋区,氷川町２０番１－４０４号東洋ビル,,13,119,1730013,,,,,,,2026-04-02,1,,,,,アブナスポディアインベストアンドアーキテクト,0
41,1011703004566,新規,0,2026-04-02,2026-04-02,合同会社ＲＥＳＴＡＲＴ,,合同会社,東京都,江戸川区,東葛西４丁目３７番７－３１２号ネイバーズ葛西,,13,123,1340084,,,,,,,2026-04-02,1,,,,,リスタート,0
43,1011803007394,新規,0,2026-04-02,2026-04-02,マイソングエンタテイメント合同会社,,合同会社,東京都,足立区,関原３丁目２７番１８号,,13,121,1230852,,,,,,,2026-04-02,1,,,,,マイソングエンタテイメント,0
46,1020003030702,新規,0,2026-04-02,2026-04-02,合同会社ＡｒｃＷｅａｌｔｈ,,合同会社,神奈川県,川崎市多摩区,中野島１丁目１３番２２号田村マンション１０１,,14,135,2140012,,,,,,,2026-04-02,1,,,,,アークウェルス,0
47,1020003030735,新規,0,2026-04-02,2026-04-02,合同会社Ｇｒｏｗｔｈ　Ｐａｒｔｎｅｒ,,合同会社,神奈川県,川崎市中原区,中丸子５７６番地１－２０２号,,14,133,2110012,,,,,,,2026-04-02,1,,,,,グロースパートナー,0
57,1030001171712,新規,0,2026-04-02,2026-04-02,Ｓｈｉｎｒａｉ工業株式会社,,株式会社,埼玉県,川口市,中青木４丁目２０番６－２０３号,,11,203,3320032,,,,,,,2026-04-02,1,,,,,シンライコウギョウ,0
58,1030003028860,新規,0,2026-04-02,2026-04-02,つるみ農園合同会社,,合同会社,埼玉県,白岡市,高岩８６８－５,,11,246,3490213,,,,,,,2026-04-02,1,,,,,ツルミノウエン,0
59,1030003028951,新規,0,2026-04-02,2026-04-02,いろどりマネジメント合同会社,,合同会社,埼玉県,さいたま市北区,日進町１丁目７５７番１号,,11,102,3310823,,,,,,,2026-04-02,1,,,,,イロドリマネジメント,0
68,1040003029759,新規,0,2026-04-02,2026-04-02,合同会社ラベンダーエステート,,合同会社,千葉県,流山市,おおたかの森北１丁目４－１ソライエグラン流山おおたかの森７４９,,12,220,2700119,,,,,,,2026-04-02,1,,,,,ラベンダーエステート,0
72,1070001043957,新規,0,2026-04-02,2026-04-02,株式会社餅建,,株式会社,群馬県,邑楽郡千代田町,大字赤岩２４２９番地の１１,,10,523,3700503,,,,,,,2026-04-02,1,,,,,モチケン,0
77,1100003008698,新規,0,2026-04-02,2026-04-02,合同会社３月９日,,合同会社,長野県,須坂市,大字小河原１２９７番１,,20,207,3820901,,,,,,,2026-04-02,1,,,,,サンガツココノカ,0
84,1120003032242,新規,0,2026-04-02,2026-04-02,合同会社ＰｏｔｅＶａｕｌｔ,,合同会社,大阪府,大阪市中央区,南本町２丁目３－１２ＥＤＧＥ本町３－４Ｆ,,27,128,5410054,,,,,,,2026-04-02,1,,,,,ポテヴォルト,0
93,1130003011278,新規,0,2026-04-02,2026-04-02,ソーマアセットマネジメント合同会社,,合同会社,京都府,城陽市,久世里ノ西２０番地の８,,26,207,6100102,,,,,,,2026-04-02,1,,,,,ソーマアセットマネジメント,0
103,1180001171318,新規,0,2026-04-02,2026-04-02,株式会社彌榮,,株式会社,愛知県,名古屋市瑞穂区,白砂町３丁目２４－１,,23,108,4670056,,,,,,,2026-04-02,1,,,,,イヤサカ,0
104,1180001171342,新規,0,2026-04-02,2026-04-02,株式会社ツバメクラブ,,株式会社,愛知県,北名古屋市,鹿田栄１５２番地,,23,234,4810004,,,,,,,2026-04-02,1,,,,,ツバメクラブ,0
108,1180003030026,新規,0,2026-04-02,2026-04-02,合同会社みやび,,合同会社,愛知県,一宮市,木曽川町外割田字西郷中８０番地,,23,203,4930007,,,,,,,2026-04-02,1,,,,,ミヤビ,0
109,1180301040841,新規,0,2026-04-02,2026-04-02,三河不動産管理株式会社,,株式会社,愛知県,岡崎市,西大友町字杭穴６４番地７,,23,202,4440904,,,,,,,2026-04-02,1,,,,,ミカワフドウサンカンリ,0
110,1180301040858,新規,0,2026-04-02,2026-04-02,株式会社ＥＤＯ８,,株式会社,愛知県,岡崎市,鴨田本町１２番地４,,23,202,4442122,,,,,,,2026-04-02,1,,,,,エドハチ,0
115,1200003007277,新規,0,2026-04-02,2026-04-02,Ｂ．ｔｏ‐Ｆ合同会社,,合同会社,岐阜県,岐阜市,芋島４丁目６番１０号,,21,201,5008234,,,,,,,2026-04-02,1,,,,,ビートゥーエフ,0
121,1220001027259,新規,0,2026-04-02,2026-04-02,株式会社稲岡鉄工所,,株式会社,石川県,羽咋郡志賀町,高浜町ヤの２２０番地,,17,384,9250141,,,,,,,2026-04-02,1,,,,,イナオカテッコウショ,0
122,1220001027275,新規,0,2026-04-02,2026-04-02,株式会社兵井板金,,株式会社,石川県,白山市,荒屋町と７７番地１,,17,210,9202151,,,,,,,2026-04-02,1,,,,,ヒョウイバンキン,0
123,1220005009047,新規,0,2026-04-02,2026-04-02,一般社団法人石川県軟式野球連盟,,その他の設立登記法人,石川県,金沢市,横川５丁目１０５番地１０６号,,17,201,9218163,,,,,,,2026-04-02,1,,,,,イシカワケンナンシキヤキュウレンメイ,0
124,1230003002606,新規,0,2026-04-02,2026-04-02,合同会社ＮＯＭＡＤ,,合同会社,富山県,富山市,下奥井１丁目１２番３４号,,16,201,9300817,,,,,,,2026-04-02,1,,,,,ノマド,0
125,1240001066346,新規,0,2026-04-02,2026-04-02,株式会社ワンノット,,株式会社,広島県,広島市西区,三篠北町３番１３－９０１号,,34,104,7330006,,,,,,,2026-04-02,1,,,,,ワンノット,0
126,1240003007661,新規,0,2026-04-02,2026-04-02,合同会社ＫＡサポート,,合同会社,広島県,広島市中区,舟入中町６番８‐１０１号,,34,101,7300842,,,,,,,2026-04-02,1,,,,,ケイエイサポート,0
127,1250003003932,新規,0,2026-04-02,2026-04-02,合同会社Ｈ＆Ｉ,,合同会社,山口県,山口市,大内小京都１１番２３号,,35,203,7530242,,,,,,,2026-04-02,1,,,,,エイチアンドアイ,0
132,1270001009418,新規,0,2026-04-02,2026-04-02,株式会社星と菊と葵,,株式会社,鳥取県,鳥取市,高住２６番地２,,31,201,6801416,,,,,,,2026-04-02,1,,,,,ホシトキクトアオイ,0
141,1290801032369,新規,0,2026-04-02,2026-04-02,株式会社戸丸農園,,株式会社,福岡県,豊前市,大字山内１５１０番地,,40,214,8280071,,,,,,,2026-04-02,1,,,,,トマルノウエン,0
147,1340005009968,新規,0,2026-04-02,2026-04-02,医療法人順風会,,その他の設立登記法人,鹿児島県,鹿児島市,下荒田３丁目１６番１号,,46,201,8900056,,,,,,,2026-04-02,1,,,,,ジュンプウカイ,0
149,1370001053612,新規,0,2026-04-02,2026-04-02,株式会社鹿落堂,,株式会社,宮城県,仙台市太白区,向山１丁目１番１号,,04,104,9820841,,,,,,,2026-04-02,1,,,,,シシオチドウ,0
150,1370001053620,新規,0,2026-04-02,2026-04-02,ＳｅｉＣｏ株式会社,,株式会社,宮城県,仙台市青葉区,中山５丁目６－１２,,04,101,9810952,,,,,,,2026-04-02,1,,,,,セイコー,0
151,1370001053629,新規,0,2026-04-02,2026-04-02,株式会社山田工業,,株式会社,宮城県,仙台市太白区,四郎丸字落合５３番地の１,,04,104,9811101,,,,,,,2026-04-02,1,,,,,ヤマダコウギョウ,0
157,1420003003262,新規,0,2026-04-02,2026-04-02,ワンポケット合同会社,,合同会社,青森県,上北郡野辺地町,字馬門７０－２,,02,401,0393179,,,,,,,2026-04-02,1,,,,,ワンポケット,0
165,1430001096547,新規,0,2026-04-02,2026-04-02,株式会社清水興業エスケー不動産,,株式会社,北海道,伊達市,旭町２６番地５９,,01,233,0520015,,,,,,,2026-04-02,1,,,,,シミズコウギョウエスケーフドウサン,0
166,1430001096563,新規,0,2026-04-02,2026-04-02,株式会社ＰＧＳ,,株式会社,北海道,札幌市中央区,南五条西２丁目１番地１４オークラビル,,01,101,0640805,,,,,,,2026-04-02,1,,,,,ピージーエス,0
167,1430001096571,新規,0,2026-04-02,2026-04-02,株式会社北の森,,株式会社,北海道,札幌市北区,北七条西２丁目６番地,,01,102,0600807,,,,,,,2026-04-02,1,,,,,キタノモリ,0
181,1470001021179,新規,0,2026-04-02,2026-04-02,株式会社シンユウ,,株式会社,香川県,観音寺市,室本町１３２５番地３３,,37,205,7680001,,,,,,,2026-04-02,1,,,,,シンユウ,0
191,1700150135045,新規,0,2026-04-02,2026-04-02,ＫＩＲＡＳＡＮ　ＥＳＴＡＴＥＳ　ＬＩＭＩＴＥＤ,,外国会社等,,,,,,,,中華人民共和国、香港特別行政区、プリンスエドワードロードイースト７０６、プリンスインダストリアルビルディング２０階ユニットＡ１１,,,,,,2026-04-02,1,,,,,キラサンエステーツリミテツド,0
192,1700150135053,新規,0,2026-04-02,2026-04-02,ＢＥＩＪＡ　ＦＬＯＲ　ＨＯＬＤＩＮＧＳ　ＰＴＥ．ＬＴＤ．,,外国会社等,,,,,,,,シンガポール　３２　ＰＥＫＩＮ　ＳＴＲＥＥＴ，＃０５－０１,,,,,,2026-04-02,1,,,,,ベイジヤフロールホールデングスプライベートリミテツド,0
198,2010001264087,新規,0,2026-04-02,2026-04-02,Ｅｖｅｒｇｒａｎｄｅジュオーンイ国際株式会社,,株式会社,東京都,文京区,千石４丁目１４番９号,,13,105,1120011,,,,,,,2026-04-02,1,,,,,エバーグランデジュオーンイコクサイ,0
199,2010001264095,新規,0,2026-04-02,2026-04-02,株式会社Ｌｕｍｉ,,株式会社,東京都,千代田区,神田和泉町１番地６－１６ヤマトビル４０５,,13,101,1010024,,,,,,,2026-04-02,1,,,,,ルミ,0
200,2010001264129,新規,0,2026-04-02,2026-04-02,ダイヤラーレ株式会社,,株式会社,東京都,千代田区,丸の内１丁目５番１号,,13,101,1000005,,,,,,,2026-04-02,1,,,,,ダイヤラーレ,0
202,2010003050931,新規,0,2026-04-02,2026-04-02,合同会社Ｒオフィス１号,,合同会社,東京都,千代田区,丸の内１丁目４番１号東京共同会計事務所内,,13,101,1000005,,,,,,,2026-04-02,1,,,,,アールオフィスイチゴウ,0
207,2010401197705,新規,0,2026-04-02,2026-04-02,ＳＵＮＥＡＳＴ　ＣＯＭＦＯＲＴ株式会社,,株式会社,東京都,港区,芝浦３丁目１番１号,,13,103,1080023,,,,,,,2026-04-02,1,,,,,サンイーストコンフォート,0
208,2010403037735,新規,0,2026-04-02,2026-04-02,ＷＩＬＬＯＷ合同会社,,合同会社,東京都,港区,港南５丁目１番４７－６０１号,,13,103,1080075,,,,,,,2026-04-02,1,,,,,ウイロゥ,0
211,2010801037213,新規,0,2026-04-02,2026-04-02,株式会社Ｎａｏ　Ｃｈｅｍｉｓｔ,,株式会社,東京都,大田区,羽田１丁目６番１４号,,13,111,1440043,,,,,,,2026-04-02,1,,,,,ナオケミスト,0
213,2010905004919,新規,0,2026-04-02,2026-04-02,一般社団法人日本マカ産業協会,,その他の設立登記法人,東京都,世田谷区,尾山台２丁目２９番１７号,,13,112,1580086,,,,,,,2026-04-02,1,,,,,ニホンマカサンギョウキョウカイ,0
219,2011001175992,新規,0,2026-04-02,2026-04-02,株式会社Ｊａｐａｎ　Ｖｉｓｉｔｏｒ　Ｓｅｒｖｉｃｅ,,株式会社,東京都,渋谷区,円山町５番５号Ｎａｖｉ渋谷Ｖ３階,,13,113,1500044,,,,,,,2026-04-02,1,,,,,ジャパンビジターサービス,0
225,2011103017250,新規,0,2026-04-02,2026-04-02,合同会社オリジンキャピタル,,合同会社,東京都,新宿区,若松町２２番８－３０６号,,13,104,1620056,,,,,,,2026-04-02,1,,,,,オリジンキャピタル,0
226,2011103017283,新規,0,2026-04-02,2026-04-02,合同会社凪,,合同会社,東京都,新宿区,西新宿３丁目３番１３号西新宿水間ビル２Ｆ,,13,104,1600023,,,,,,,2026-04-02,1,,,,,ナギ,0
241,2020005017201,新規,0,2026-04-02,2026-04-02,一般社団法人ツクリバ編集室,,その他の設立登記法人,神奈川県,川崎市高津区,坂戸３丁目１７番３－４０４号,,14,134,2130012,,,,,,,2026-04-02,1,,,,,ツクリバヘンシュウシツ,0
246,2030001171703,新規,0,2026-04-02,2026-04-02,株式会社恒川,,株式会社,埼玉県,三郷市,戸ケ崎２２５０番地２,,11,237,3410044,,,,,,,2026-04-02,1,,,,,ツネカワ,0
247,2030001171711,新規,0,2026-04-02,2026-04-02,ＭＩＲＡ株式会社,,株式会社,埼玉県,坂戸市,東坂戸１丁目１６番２０２号,,11,239,3500205,,,,,,,2026-04-02,1,,,,,ミラ,0
251,2030003028892,新規,0,2026-04-02,2026-04-02,ＣＲＥＸＩＳ合同会社,,合同会社,埼玉県,さいたま市西区,三橋５丁目５７４番地プレパルク・ディオ２‐２０１,,11,101,3310052,,,,,,,2026-04-02,1,,,,,クレクシス,0
252,2030003028926,新規,0,2026-04-02,2026-04-02,合同会社ＩＫＥＤＡ,,合同会社,埼玉県,三郷市,彦江１丁目２８８番地１,,11,237,3410058,,,,,,,2026-04-02,1,,,,,イケダ,0
253,2030003028934,新規,0,2026-04-02,2026-04-02,合同会社ｓｏｕｔｈｔｒｅｅ,,合同会社,埼玉県,春日部市,南中曽根４４２番地２藤和春日部ハイタウン２－３０９,,11,214,3440048,,,,,,,2026-04-02,1,,,,,サウスツリー,0
254,2030003028959,新規,0,2026-04-02,2026-04-02,ライズ合同会社,,合同会社,埼玉県,坂戸市,大字石井２８７３番地１,,11,239,3500212,,,,,,,2026-04-02,1,,,,,ライズ,0
260,2040001143123,新規,0,2026-04-02,2026-04-02,ＣａｔａｌｙＸ株式会社,,株式会社,千葉県,長生郡一宮町,東浪見７４１６番地２,,12,421,2994303,,,,,,,2026-04-02,1,,,,,カタリックス,0
262,2040005023107,新規,0,2026-04-02,2026-04-02,一般社団法人公共施設マネジメントセンター,,その他の設立登記法人,千葉県,千葉市美浜区,高洲３丁目１１番３号,,12,106,2610004,,,,,,,2026-04-02,1,,,,,コウキョウシセツマネジメントセンター,0
269,2100001039488,新規,0,2026-04-02,2026-04-02,株式会社静,,株式会社,長野県,長野市,大字南長野西後町１５９７番地１長野表参道ビル４階,,20,201,3800845,,,,,,,2026-04-02,1,,,,,シズカ,0
272,2100003008672,新規,0,2026-04-02,2026-04-02,Ｂ‐Ｓｔｒａｔｅｇｙ合同会社,,合同会社,長野県,北安曇郡小谷村,大字千国乙土倉６０６８,,20,486,3999422,,,,,,,2026-04-02,1,,,,,ビーストラテジー,0
282,2122001040317,新規,0,2026-04-02,2026-04-02,モノーブ株式会社,,株式会社,大阪府,八尾市,北久宝寺１丁目４番６４－２０２号,,27,212,5810071,,,,,,,2026-04-02,1,,,,,モノーブ,0
288,2140003023404,新規,0,2026-04-02,2026-04-02,合同会社Ｍｉｉｒｏ,,合同会社,兵庫県,伊丹市,荒牧１丁目１８番２４－３０３号,,28,207,6640001,,,,,,,2026-04-02,1,,,,,ミイロ,0
289,2140005027865,新規,0,2026-04-02,2026-04-02,一般財団法人余島財団,,その他の設立登記法人,兵庫県,神戸市中央区,生田町１丁目４－１ショダリ２１ビル３０３,,28,110,6510092,,,,,,,2026-04-02,1,,,,,ヨシマザイダン,0
292,2150001028841,新規,0,2026-04-02,2026-04-02,株式会社大和三輪農産,,株式会社,奈良県,桜井市,大字三輪５０６番地,,29,206,6330001,,,,,,,2026-04-02,1,,,,,ヤマトミワノウサン,0
295,2180001171309,新規,0,2026-04-02,2026-04-02,株式会社クリーンエステート,,株式会社,愛知県,名古屋市中区,新栄２丁目４番５号東和パークビル西館３０１号,,23,106,4600007,,,,,,,2026-04-02,1,,,,,クリーンエステート,0
296,2180001171374,新規,0,2026-04-02,2026-04-02,株式会社ＮＥＴＩＸ,,株式会社,愛知県,名古屋市港区,宝神３丁目６０４番地,,23,111,4550832,,,,,,,2026-04-02,1,,,,,ネティックス,0
300,2180003030009,新規,0,2026-04-02,2026-04-02,コリナ合同会社,,合同会社,愛知県,名古屋市港区,七反野１丁目８０７番地の１福田マンション１０２号,,23,111,4550884,,,,,,,2026-04-02,1,,,,,コリナ,0
301,2180003030033,新規,0,2026-04-02,2026-04-02,合同会社Ｈｅｒｂ　Ｔｅｃｈｎｉｑｕｅｓ,,合同会社,愛知県,名古屋市中村区,名駅４丁目２４番５号　第２森ビル４０１,,23,105,4500002,,,,,,,2026-04-02,1,,,,,ハーブテクニクス,0
303,2180301040849,新規,0,2026-04-02,2026-04-02,株式会社あいち建物管理,,株式会社,愛知県,岡崎市,羽根町字東荒子５７番地,,23,202,4440813,,,,,,,2026-04-02,1,,,,,アイチタテモノカンリ,0
313,2220001027233,新規,0,2026-04-02,2026-04-02,株式会社万サポート,,株式会社,石川県,かほく市,宇野気ニ１４５番地３,,17,209,9291125,,,,,,,2026-04-02,1,,,,,マンサポート,0
314,2220001027258,新規,0,2026-04-02,2026-04-02,株式会社村井建材,,株式会社,石川県,金沢市,近岡町７５４番地４,,17,201,9208217,,,,,,,2026-04-02,1,,,,,ムライケンザイ,0
315,2220001027266,新規,0,2026-04-02,2026-04-02,株式会社ＣＣＩクロスボーダー,,株式会社,石川県,金沢市,広岡２丁目１２番６号,,17,201,9200031,,,,,,,2026-04-02,1,,,,,シーシーアイクロスボーダー,0
317,2230003002605,新規,0,2026-04-02,2026-04-02,合同会社Ｓａｌｅｓ　Ｓｕｐｐｏｒｔ,,合同会社,富山県,高岡市,野村１２３０番地,,16,202,9330014,,,,,,,2026-04-02,1,,,,,セールスサポート,0
318,2240001066345,新規,0,2026-04-02,2026-04-02,株式会社聖,,株式会社,広島県,広島市安佐北区,落合南２丁目５０番１４号,,34,106,7391732,,,,,,,2026-04-02,1,,,,,ヒジリ,0
319,2240001066361,新規,0,2026-04-02,2026-04-02,株式会社ＨｉｒｏＣｏｍ,,株式会社,広島県,広島市西区,楠木町１丁目９番１０号,,34,104,7330002,,,,,,,2026-04-02,1,,,,,ヒロコム,0
320,2250001021605,新規,0,2026-04-02,2026-04-02,株式会社ＡＳＨＩＴＯＢＩ,,株式会社,山口県,山口市,道場門前１丁目３－１１どうもんベース４階,,35,203,7530047,,,,,,,2026-04-02,1,,,,,アシトビ,0
323,2270001009417,新規,0,2026-04-02,2026-04-02,株式会社三福,,株式会社,鳥取県,米子市,明治町１９７番地,,31,202,6830053,,,,,,,2026-04-02,1,,,,,ミフク,0
329,2290005020054,新規,0,2026-04-02,2026-04-02,医療法人よしおか歯科こども歯科,,その他の設立登記法人,福岡県,福岡市中央区,平尾３丁目６番８号,,40,133,8100014,,,,,,,2026-04-02,1,,,,,ヨシオカシカコドモシカ,0
330,2290803005314,新規,0,2026-04-02,2026-04-02,ＬｉｔｔｌｅＢｉｒｄ合同会社,,合同会社,福岡県,直方市,大字頓野２１６２番地１５ラ・メゾン・ドゥＮｏｚｏｅＩＩ－１０１号,00143096,40,204,8220002,,,,,,,2026-04-02,1,,,,,リトルバード,0
334,2330001034111,新規,0,2026-04-02,2026-04-02,株式会社Ｓ・ｔｙｌｅ,,株式会社,熊本県,宇城市,不知火町小曽部５７４,,43,213,8690553,,,,,,,2026-04-02,1,,,,,エスタイル,0
337,2330003011513,新規,0,2026-04-02,2026-04-02,合同会社Ｃ＆Ｓ企画,,合同会社,熊本県,熊本市西区,横手５丁目３番２５号横手レジデンス１０号,,43,103,8600046,,,,,,,2026-04-02,1,,,,,シーアンドエスキカク,0
344,2370001053611,新規,0,2026-04-02,2026-04-02,株式会社Ｂａｓｅｏｎｅ,,株式会社,宮城県,仙台市太白区,富沢西３丁目１３番地の３ガーデンコート富沢ＬＵＸＥ５０６,,04,104,9820037,,,,,,,2026-04-02,1,,,,,ベースワン,0
345,2370003007532,新規,0,2026-04-02,2026-04-02,合同会社山と環,,合同会社,宮城県,栗原市,栗駒岩ケ崎下町裏６６－４,,04,213,9895301,,,,,,,2026-04-02,1,,,,,ヤマトワ,0
348,2410003004236,新規,0,2026-04-02,2026-04-02,大平山アグリファーム合同会社,,合同会社,秋田県,秋田市,広面字谷内佐渡３４番地２,,05,201,0100041,,,,,,,2026-04-02,1,,,,,タイヘイザンアグリファーム,0
358,2430001096538,新規,0,2026-04-02,2026-04-02,ＳＵＩ株式会社,,株式会社,北海道,小樽市,入船１丁目６番１００５号ＴＥＡＤＡ入船,,01,203,0470021,,,,,,,2026-04-02,1,,,,,エスユーアイ,0
359,2430001096579,新規,0,2026-04-02,2026-04-02,Ｓｃｒｕｍ工業株式会社,,株式会社,北海道,札幌市東区,中沼町１１３番７６３,,01,103,0070890,,,,,,,2026-04-02,1,,,,,スクラムコウギョウ,0
367,2430003018770,新規,0,2026-04-02,2026-04-02,合同会社サポートオキュペ,,合同会社,北海道,札幌市西区,西野四条１０丁目４番７号,,01,107,0630034,,,,,,,2026-04-02,1,,,,,サポートオキュペ,0
384,2500001026859,新規,0,2026-04-02,2026-04-02,新和ホールディングス株式会社,,株式会社,愛媛県,松山市,南吉田町２７９８番地７１,,38,201,7918042,,,,,,,2026-04-02,1,,,,,シンワホールディングス,0
386,2700150135044,新規,0,2026-04-02,2026-04-02,クリスタルエリートグローバルグループ,,外国会社等,,,,,,,,ヴァージン諸島トルトラ島ロードタウンオーエムシーチャンバー、ウィッカムズケイ,,,,,,2026-04-02,1,,,,,クリスタルエリートグローバルグループ,0
387,2700150135052,新規,0,2026-04-02,2026-04-02,ＴＩＭＥ　ＱＵＡＮＴＵＭ　ＨＯＬＤＩＮＧＳ　ＬＩＭＩＴＥＤ,,外国会社等,,,,,,,,Ｓｅａ　Ｍｅａｄｏｗ　Ｈｏｕｓｅ，Ｐ．Ｏ．Ｂｏｘ　１１６，Ｒｏａｄ　Ｔｏｗｎ，Ｔｏｒｔｏｌａ，ＶＧ１１１０,,,,,,2026-04-02,1,,,,,タイムクオンタムホールデイングスリミテツド,0
393,3010003050906,新規,0,2026-04-02,2026-04-02,合同会社ＰＭ　Ａｓｓｅｔ　Ｍａｎａｇｅｍｅｎｔ,,合同会社,東京都,中央区,銀座１丁目２２番１１号銀座大竹ビジデンス２Ｆ,,13,102,1040061,,,,,,,2026-04-02,1,,,,,ピーエムアセットマネジメント,0
394,3010003050963,新規,0,2026-04-02,2026-04-02,合同会社ＫＯＢＡＹＡＳＨＩ‐ＪＳＹＳ,,合同会社,東京都,千代田区,神田神保町３丁目１１番６号神保町ビル１０階,,13,101,1010051,,,,,,,2026-04-02,1,,,,,コバヤシジェーシス,0
401,3010401197547,新規,0,2026-04-02,2026-04-02,株式会社ＣＯＮＴＯＵＲ,,株式会社,東京都,港区,北青山３丁目６番７号青山パラシオタワー１１Ｆ,,13,103,1070061,,,,,,,2026-04-02,1,,,,,コンター,0
403,3010403037610,新規,0,2026-04-02,2026-04-02,合同会社サプライ東京,,合同会社,東京都,港区,港南２丁目１６－１品川イーストワンタワー７Ｆ,,13,103,1080075,,,,,,,2026-04-02,1,,,,,サプライトウキョウ,0
413,3010701049266,新規,0,2026-04-02,2026-04-02,インテグリティワークス株式会社,,株式会社,東京都,品川区,北品川５丁目５番１５号,,13,109,1410001,,,,,,,2026-04-02,1,,,,,インテグリティワークス,0
415,3010901059255,新規,0,2026-04-02,2026-04-02,株式会社Ｃｏｒｅ７,,株式会社,東京都,世田谷区,桜３丁目９－２４,,13,112,1560053,,,,,,,2026-04-02,1,,,,,コアセブン,0
419,3011001176437,新規,0,2026-04-02,2026-04-02,株式会社ローカルプロ,,株式会社,東京都,渋谷区,神南１丁目１１－４ＦＰＧリンクス神南５階,,13,113,1500041,,,,,,,2026-04-02,1,,,,,ローカルプロ,0
427,3011401027909,新規,0,2026-04-02,2026-04-02,株式会社ハースメンテ,,株式会社,東京都,板橋区,前野町３丁目３５番３号,,13,119,1740063,,,,,,,2026-04-02,1,,,,,ハースメンテ,0
438,3011701029290,新規,0,2026-04-02,2026-04-02,株式会社Ｅｎｅｒｉｌａ,,株式会社,東京都,江戸川区,西瑞江５丁目１８番地１０ブリシア一之江３１０,,13,123,1340015,,,,,,,2026-04-02,1,,,,,エネリラ,0
443,3013103001547,新規,0,2026-04-02,2026-04-02,合同会社コステア,,合同会社,東京都,あきる野市,瀬戸岡５４９番地,,13,228,1970803,,,,,,,2026-04-02,1,,,,,コステア,0
449,3020001167858,新規,0,2026-04-02,2026-04-02,株式会社ヒュッゲパートナー,,株式会社,神奈川県,横浜市神奈川区,栄町５番地１横浜クリエーションスクエア１４階,,14,102,2210052,,,,,,,2026-04-02,1,,,,,ヒュッゲパートナー,0
451,3020003030700,新規,0,2026-04-02,2026-04-02,合同会社優永,,合同会社,神奈川県,横浜市鶴見区,鶴見中央４丁目２１－７大城ビル２Ｆ,,14,101,2300051,,,,,,,2026-04-02,1,,,,,ユウエイ,0
452,3020003030725,新規,0,2026-04-02,2026-04-02,合同会社Ｖｉｓｕａｌ,,合同会社,神奈川県,横浜市保土ケ谷区,狩場町３０３番地２８,,14,106,2400025,,,,,,,2026-04-02,1,,,,,ビジュアル,0
462,3030001171693,新規,0,2026-04-02,2026-04-02,株式会社Ｅｎｅｒａ,,株式会社,埼玉県,飯能市,新町２番１０号ジョイステージ飯能１０１,,11,209,3570004,,,,,,,2026-04-02,1,,,,,エネラ,0
463,3030001171719,新規,0,2026-04-02,2026-04-02,ＳＨＫテクノサービス株式会社,,株式会社,埼玉県,ふじみ野市,緑ケ丘１丁目１番１５号,,11,245,3560043,,,,,,,2026-04-02,1,,,,,エスエイチケイテクノサービス,0
464,3030001171768,新規,0,2026-04-02,2026-04-02,Ｓ＆Ｈパートナーズ株式会社,,株式会社,埼玉県,さいたま市緑区,東浦和２丁目６１－１３,,11,109,3360926,,,,,,,2026-04-02,1,,,,,エスアンドエイチパートナーズ,0
467,3030003028941,新規,0,2026-04-02,2026-04-02,合同会社スリーネスト,,合同会社,埼玉県,川越市,脇田本町中村ビル３０１,,11,201,3501123,,,,,,,2026-04-02,1,,,,,スリーネスト,0
472,3040001143205,新規,0,2026-04-02,2026-04-02,株式会社レリテック,,株式会社,千葉県,千葉市稲毛区,小中台町５６７－１－２０１,,12,103,2630044,,,,,,,2026-04-02,1,,,,,レリテック,0
476,3040005023089,新規,0,2026-04-02,2026-04-02,一般社団法人なのはな,,その他の設立登記法人,千葉県,千葉市花見川区,西小中台６番４５号‐１０１号,,12,102,2620016,,,,,,,2026-04-02,1,,,,,ナノハナ,0
478,3080001027494,新規,0,2026-04-02,2026-04-02,株式会社ＲＯＫＵＥＭＯＮ,,株式会社,静岡県,島田市,高砂町７７７４番地,,22,209,4270054,,,,,,,2026-04-02,1,,,,,ロクエモン,0
494,3120001285154,新規,0,2026-04-02,2026-04-02,株式会社ＯＮＤＯ,,株式会社,大阪府,大阪市城東区,永田１丁目２番９アモール永田４０３,,27,118,5360022,,,,,,,2026-04-02,1,,,,,オンドゥ,0
495,3120001285328,新規,0,2026-04-02,2026-04-02,株式会社ＤＩＳＣＯＶＥＲＹ　ＳＴＵＤＹ,,株式会社,大阪府,大阪市西区,西本町１丁目５番２０号サーミー本町ビル３階,,27,106,5500005,,,,,,,2026-04-02,1,,,,,ディスカバリースタディ,0
496,3120001285369,新規,0,2026-04-02,2026-04-02,Ｇａｍｂｉｔ　Ｌａｂ株式会社,,株式会社,大阪府,寝屋川市,若葉町１８番１６号,,27,215,5720031,,,,,,,2026-04-02,1,,,,,ギャンビットラボ,0
497,3120003032265,新規,0,2026-04-02,2026-04-02,合同会社Ｗｏｒｋ　Ｓｕｐｐｏｒｔ,,合同会社,大阪府,大阪市北区,梅田１丁目２番２号大阪駅前第２ビル１２－１２,,27,127,5300001,,,,,,,2026-04-02,1,,,,,ワークサポート,0
498,3120003032273,新規,0,2026-04-02,2026-04-02,合同会社ワークステーション,,合同会社,大阪府,大阪市北区,西天満３丁目５－１和田伊ビル３０１,,27,127,5300047,,,,,,,2026-04-02,1,,,,,ワークステーション,0
509,3130001081908,新規,0,2026-04-02,2026-04-02,株式会社荒重,,株式会社,京都府,京田辺市,草内東垣内１－５,,26,211,6100311,,,,,,,2026-04-02,1,,,,,アラジュウ,0
510,3130001081949,新規,0,2026-04-02,2026-04-02,株式会社ココチ企図,,株式会社,京都府,京都市西京区,大枝北福西町２丁目２５番地１,,26,111,6101112,,,,,,,2026-04-02,1,,,,,ココチキト,0
513,3130003011276,新規,0,2026-04-02,2026-04-02,Ｙ＆Ａ合同会社,,合同会社,京都府,京都市左京区,下鴨岸本町５８,,26,103,6060853,,,,,,,2026-04-02,1,,,,,ワイアンドエー,0
517,3140003023403,新規,0,2026-04-02,2026-04-02,合同会社ＳＡＬＯＮ,,合同会社,兵庫県,西宮市,大浜町１番４１－３０４号,,28,204,6620957,,,,,,,2026-04-02,1,,,,,サロン,0
518,3170003002404,新規,0,2026-04-02,2026-04-02,Ｑｕａｎｔｕｍ　Ｄｙｎａｍｉｃｓ合同会社,,合同会社,和歌山県,有田市,千田１６３４番地,,30,204,6490313,,,,,,,2026-04-02,1,,,,,クォンタムダイナミクス,0
526,3180001171308,新規,0,2026-04-02,2026-04-02,株式会社計算資源開発名古屋,,株式会社,愛知県,名古屋市昭和区,鶴舞１丁目２番３２号,,23,107,4660064,,,,,,,2026-04-02,1,,,,,ケイサンシゲンカイハツナゴヤ,0
527,3180001171324,新規,0,2026-04-02,2026-04-02,ＮｅｘｔＳｍｉｌｅ株式会社,,株式会社,愛知県,あま市,七宝町沖之島高畑４５番地,,23,237,4970001,,,,,,,2026-04-02,1,,,,,ネクストスマイル,0
528,3180001171332,新規,0,2026-04-02,2026-04-02,株式会社ＡＸＩＯＮ,,株式会社,愛知県,海部郡蟹江町,城２丁目４５８番地ライオンズマンション蟹江本町１００２号,,23,425,4970040,,,,,,,2026-04-02,1,,,,,アクシオン,0
529,3180003029999,新規,0,2026-04-02,2026-04-02,ＡＢＣ合同会社,,合同会社,愛知県,清須市,鍋片２丁目７０番地６,,23,233,4520907,,,,,,,2026-04-02,1,,,,,エービーシー,0
530,3180003030008,新規,0,2026-04-02,2026-04-02,レヴェルト合同会社,,合同会社,愛知県,名古屋市北区,猿投町２番地ミッドワードシティ１０３２号,,23,103,4620852,,,,,,,2026-04-02,1,,,,,レヴェルト,0
539,3200001044873,新規,0,2026-04-02,2026-04-02,株式会社ＪＣＯ,,株式会社,岐阜県,各務原市,川島河田町１３０２番地１１,,21,213,5016025,,,,,,,2026-04-02,1,,,,,ジェイシーオー,0
541,3220001027249,新規,0,2026-04-02,2026-04-02,株式会社マシンエンジニアリング,,株式会社,石川県,金沢市,菊川１丁目７番１７号,,17,201,9200967,,,,,,,2026-04-02,1,,,,,マシンエンジニアリング,0
542,3220001027257,新規,0,2026-04-02,2026-04-02,株式会社森田商事,,株式会社,石川県,金沢市,新保本４丁目６５番地１６,,17,201,9218062,,,,,,,2026-04-02,1,,,,,モリタショウジ,0
543,3220001027265,新規,0,2026-04-02,2026-04-02,白山エコトラスト株式会社,,株式会社,石川県,能美市,赤井町ハ７３番地,,17,211,9290101,,,,,,,2026-04-02,1,,,,,ハクサンエコトラスト,0
546,3230003002604,新規,0,2026-04-02,2026-04-02,合同会社ビジネスアシスト,,合同会社,富山県,富山市,婦中町持田７６１番地４,,16,201,9392725,,,,,,,2026-04-02,1,,,,,ビジネスアシスト,0
547,3240001066344,新規,0,2026-04-02,2026-04-02,ひろぎんリージョナルアドバイザーズ株式会社,,株式会社,広島県,広島市中区,銀山町３番１号,,34,101,7300022,,,,,,,2026-04-02,1,,,,,ヒロギンリージョナルアドバイザーズ,0
548,3250001021595,新規,0,2026-04-02,2026-04-02,株式会社コウシン,,株式会社,山口県,山口市,小郡上郷２０９９番地,,35,203,7540001,,,,,,,2026-04-02,1,,,,,コウシン,0
550,3260005011591,新規,0,2026-04-02,2026-04-02,一般社団法人女性の健康コンソーシアム,,その他の設立登記法人,岡山県,岡山市北区,谷万成２丁目６番５０号,,33,101,7000071,,,,,,,2026-04-02,1,,,,,ジョセイノケンコウコンソーシアム,0
551,3270001009416,新規,0,2026-04-02,2026-04-02,株式会社新輝建設,,株式会社,鳥取県,倉吉市,関金町安歩４０番地１,,31,203,6820401,,,,,,,2026-04-02,1,,,,,シンキケンセツ,0
559,3290001113645,新規,0,2026-04-02,2026-04-02,株式会社ＮＯＡＨ,,株式会社,福岡県,福岡市中央区,大名２丁目８番１９号フィルパーク福岡大名ＩＩ６Ｆ,00143104,40,133,8100041,,,,,,,2026-04-02,1,,,,,ノア,0
562,3290003018231,新規,0,2026-04-02,2026-04-02,合同会社ＹＫＤ,,合同会社,福岡県,福岡市早良区,飯倉４丁目３３－５４－３０６,,40,137,8140161,,,,,,,2026-04-02,1,,,,,ワイケーディー,0
571,3330001034119,新規,0,2026-04-02,2026-04-02,ヤマエノトムシ株式会社,,株式会社,熊本県,球磨郡山江村,大字万江甲１３２１番地１,,43,512,8680091,,,,,,,2026-04-02,1,,,,,ヤマエノトムシ,0
572,3330003011512,新規,0,2026-04-02,2026-04-02,合同会社ＯＲＥＭＩＣＨＩ,,合同会社,熊本県,熊本市西区,池田１丁目１６番３７号,,43,103,8600082,,,,,,,2026-04-02,1,,,,,オレミチ,0
575,3370001053610,新規,0,2026-04-02,2026-04-02,株式会社憩いの場,,株式会社,宮城県,仙台市青葉区,中央２丁目１１－１９仙南ビル４階‐Ａ,,04,101,9800021,,,,,,,2026-04-02,1,,,,,イコイノバ,0
576,3370001053619,新規,0,2026-04-02,2026-04-02,株式会社ブライト,,株式会社,宮城県,仙台市若林区,大和町１丁目２２番４５号,,04,103,9840042,,,,,,,2026-04-02,1,,,,,ブライト,0
577,3370003007531,新規,0,2026-04-02,2026-04-02,合同会社ルポ,,合同会社,宮城県,多賀城市,新田字後９０番地の５ピアパレスＢ１０１号,,04,209,9850854,,,,,,,2026-04-02,1,,,,,ルポ,0
605,3460101007829,新規,0,2026-04-02,2026-04-02,ＭＨＳ‐ＰＲＯＪＥＣＴ株式会社,,株式会社,北海道,帯広市,西二十一条南２丁目１４番３号,,01,207,0802471,,,,,,,2026-04-02,1,,,,,エムエイチエスプロジェクト,0
606,3460103001796,新規,0,2026-04-02,2026-04-02,合同会社ｉｔｏｍａ,,合同会社,北海道,上川郡清水町,本通２丁目１５番地,,01,636,0890136,,,,,,,2026-04-02,1,,,,,イトマ,0
607,3470001021185,新規,0,2026-04-02,2026-04-02,株式会社テンプルステイ,,株式会社,香川県,高松市,瓦町２丁目３番地２,,37,201,7600052,,,,,,,2026-04-02,1,,,,,テンプルステイ,0
613,3700150135043,新規,0,2026-04-02,2026-04-02,ＥＩＧＨＴＹ　ＮＩＮＥ　ＩＮＶＥＳＴＭＥＮＴＳ　ＰＴＥ．ＬＴＤ．,,外国会社等,,,,,,,,１０　Ａｎｓｏｎ　Ｒｏａｄ，＃１２－１４，Ｉｎｔｅｒｎａｔｉｏｎａｌ　Ｐｌａｚａ，Ｓｉｎｇａｐｏｒｅ　０７９９０３,,,,,,2026-04-02,1,,,,,エイテイナインインベストメントピーテイーイーリミテツド,0
614,3700150135051,新規,0,2026-04-02,2026-04-02,Ａｃｔｉｖｉｓｉｏｎ　Ｐｕｂｌｉｓｈｉｎｇ　Ｉｎｃ．,,外国会社等,,,,,,,,２７０１　Ｏｌｙｍｐｉｃ　Ｂｏｕｌｅｖａｒｄ，Ｂｕｉｌｄｉｎｇ　Ｂ，Ｓａｎｔａ　Ｍｏｎｉｃａ，ＣＡ　９０４０４，ＵＳＡ,,,,,,2026-04-02,1,,,,,アクテイビジヨンパブリツシングインク,0
624,4010001264052,新規,0,2026-04-02,2026-04-02,株式会社ｓｉｚｅｂｏｏｋグループ,,株式会社,東京都,千代田区,神田神保町３丁目１２－３神保町スリービル８階,,13,101,1010051,,,,,,,2026-04-02,1,,,,,サイズブックグループ,0
625,4010003050533,新規,0,2026-04-02,2026-04-02,合同会社アバラカ,,合同会社,東京都,千代田区,神田神保町２丁目１０－３１ＩＷビル１Ｆ,,13,101,1010051,,,,,,,2026-04-02,1,,,,,アバラカ,0
626,4010003050954,新規,0,2026-04-02,2026-04-02,合同会社ことなぐし,,合同会社,東京都,文京区,西片１丁目１５番４－３０１号,,13,105,1130024,,,,,,,2026-04-02,1,,,,,コトナグシ,0
634,4010901059221,新規,0,2026-04-02,2026-04-02,株式会社ウェリス・パートナーズ,,株式会社,東京都,世田谷区,太子堂４丁目１８番１５号マガザン三軒茶屋２・３Ｆ－３,,13,112,1540004,,,,,,,2026-04-02,1,,,,,ウェリスパートナーズ,0
636,4010903010743,新規,0,2026-04-02,2026-04-02,合同会社エルプラスフューチャー,,合同会社,東京都,世田谷区,北沢４丁目２６番１号,,13,112,1550031,,,,,,,2026-04-02,1,,,,,エルプラスフューチャー,0
637,4010903010751,新規,0,2026-04-02,2026-04-02,合同会社Ｊｉｔｔｏ,,合同会社,東京都,世田谷区,経堂５丁目３３－２０－メゾンドモンターニュ１０３,,13,112,1560052,,,,,,,2026-04-02,1,,,,,ジット,0
640,4011005011399,新規,0,2026-04-02,2026-04-02,一般社団法人不登校解決支援センターＲＡＹ,,その他の設立登記法人,東京都,渋谷区,笹塚１丁目５４－８－５Ｆ－１,,13,113,1510073,,,,,,,2026-04-02,1,,,,,フトウコウカイケツシエンセンターレイ,0
644,4011103017281,新規,0,2026-04-02,2026-04-02,合同会社Ｂｉｌｌｙ　Ｋｙｌｅ,,合同会社,東京都,新宿区,神楽坂６丁目２５番地,,13,104,1620825,,,,,,,2026-04-02,1,,,,,ビリーカイル,0
645,4011201027067,新規,0,2026-04-02,2026-04-02,株式会社北神建築設計所,,株式会社,東京都,中野区,本町４丁目２番１３号,,13,114,1640012,,,,,,,2026-04-02,1,,,,,キタガミケンチクセッケイショ,0
648,4011303005904,新規,0,2026-04-02,2026-04-02,合同会社アップフロント,,合同会社,東京都,杉並区,高井戸西３丁目２－４,,13,115,1680071,,,,,,,2026-04-02,1,,,,,アップフロント,0
649,4011303005912,新規,0,2026-04-02,2026-04-02,コーセイプロパティ合同会社,,合同会社,東京都,杉並区,方南１丁目５０番２０号ハイツ方南２１１,,13,115,1680062,,,,,,,2026-04-02,1,,,,,コーセイプロパティ,0
653,4011601029480,新規,0,2026-04-02,2026-04-02,株式会社ＭｏｒｅＮｅ,,株式会社,東京都,練馬区,関町北３丁目５１番７号,,13,120,1770051,,,,,,,2026-04-02,1,,,,,モレネ,0
654,4011603005067,新規,0,2026-04-02,2026-04-02,ホネストベース合同会社,,合同会社,東京都,練馬区,石神井町１丁目１５番１１号,,13,120,1770041,,,,,,,2026-04-02,1,,,,,ホネストベース,0
663,4012703003514,新規,0,2026-04-02,2026-04-02,合同会社ボウズ,,合同会社,東京都,東久留米市,八幡町２丁目５番２０号６０４,,13,222,2030042,,,,,,,2026-04-02,1,,,,,ボウズ,0
666,4013103001546,新規,0,2026-04-02,2026-04-02,合同会社フィアスト,,合同会社,東京都,あきる野市,瀬戸岡５４９番地,,13,228,1970803,,,,,,,2026-04-02,1,,,,,フィアスト,0
669,4020001167840,新規,0,2026-04-02,2026-04-02,株式会社Ｔ‐ｔｈｒｉｖｅ,,株式会社,神奈川県,横浜市鶴見区,平安町１丁目３９番地５サンレジデンス３０７,,14,101,2300031,,,,,,,2026-04-02,1,,,,,ティースライブ,0
670,4020001167849,新規,0,2026-04-02,2026-04-02,株式会社エムケーアセット,,株式会社,神奈川県,横浜市戸塚区,矢部町６８４番地,,14,110,2440002,,,,,,,2026-04-02,1,,,,,エムケーアセット,0
675,4021003017273,新規,0,2026-04-02,2026-04-02,合同会社Ｏｒｂｉｓ,,合同会社,神奈川県,鎌倉市,腰越５丁目１５番５２号,,14,204,2480033,,,,,,,2026-04-02,1,,,,,オルビス,0
676,4021003017315,新規,0,2026-04-02,2026-04-02,合同会社Ｑｕｉｌｔｉｍｅ,,合同会社,神奈川県,茅ヶ崎市,矢畑６８８―１８,,14,207,2530085,,,,,,,2026-04-02,1,,,,,キルティム,0
677,4030001171585,新規,0,2026-04-02,2026-04-02,株式会社角勝,,株式会社,埼玉県,北葛飾郡松伏町,大字金杉４３７－１９,,11,465,3430103,,,,,,,2026-04-02,1,,,,,スミショウ,0
678,4030001171692,新規,0,2026-04-02,2026-04-02,株式会社チョメリ王国,,株式会社,埼玉県,入間市,大字南峯８４番地９,,11,225,3580046,,,,,,,2026-04-02,1,,,,,チョメリオウコク,0
679,4030001171718,新規,0,2026-04-02,2026-04-02,株式会社ルミナス・ビジョン,,株式会社,埼玉県,久喜市,久喜東２丁目２６番１６号,,11,232,3460016,,,,,,,2026-04-02,1,,,,,ルミナスビジョン,0
680,4030003028981,新規,0,2026-04-02,2026-04-02,合同会社Ｓｈｉｓｔｏ,,合同会社,埼玉県,白岡市,小久喜２６０番地４,,11,246,3490217,,,,,,,2026-04-02,1,,,,,シスト,0
683,4040001143113,新規,0,2026-04-02,2026-04-02,株式会社もんくあるひと,,株式会社,千葉県,千葉市花見川区,長作町４６４番地８３,,12,102,2620044,,,,,,,2026-04-02,1,,,,,モンクアルヒト,0
684,4040001143121,新規,0,2026-04-02,2026-04-02,株式会社Ｈ２Ｏ,,株式会社,千葉県,勝浦市,墨名２５８番地,,12,218,2995225,,,,,,,2026-04-02,1,,,,,エイチツーオー,0
688,4050001058186,新規,0,2026-04-02,2026-04-02,富暉冶金株式会社,,株式会社,茨城県,小美玉市,与沢１５２５番地２,,08,236,3113416,,,,,,,2026-04-02,1,,,,,フキヤキン,0
691,4060001039128,新規,0,2026-04-02,2026-04-02,株式会社ＩＣＣ　ＴＲＡＤＩＮＧ,,株式会社,栃木県,栃木市,藤岡町赤麻字西原８６８番３,,09,203,3231102,,,,,,,2026-04-02,1,,,,,アイシーシートレイディング,0
696,4100003008687,新規,0,2026-04-02,2026-04-02,ＵＮＯＶＡＬ合同会社,,合同会社,長野県,千曲市,杭瀬下６丁目９３番地,,20,218,3870011,,,,,,,2026-04-02,1,,,,,ウノヴァル,0
697,4110005017339,新規,0,2026-04-02,2026-04-02,一般社団法人ＡＬＬ　ＡＴＨＬＥＴＥ　ＰＬＡＮＳ,,その他の設立登記法人,新潟県,新潟市中央区,米山２丁目６番７号ＷоｒｋＷｉｔｈ米山４Ｂ,,15,103,9500916,,,,,,,2026-04-02,1,,,,,オールアスリートプランズ,0
699,4120001285203,新規,0,2026-04-02,2026-04-02,吉福株式会社,,株式会社,大阪府,大阪市住之江区,東加賀屋３丁目１１番２１号,,27,125,5590012,,,,,,,2026-04-02,1,,,,,ヨシフク,0
709,4140001142261,新規,0,2026-04-02,2026-04-02,株式会社藤本勝彦,,株式会社,兵庫県,加古郡稲美町,草谷５７６番地の２,,28,381,6751102,,,,,,,2026-04-02,1,,,,,フジモトカツヒコ,0
716,4180001171380,新規,0,2026-04-02,2026-04-02,ネクサス大隅株式会社,,株式会社,愛知県,名古屋市中村区,黄金通４丁目２４番地,,23,105,4530804,,,,,,,2026-04-02,1,,,,,ネクサスオオスミ,0
719,4180003029998,新規,0,2026-04-02,2026-04-02,合同会社ＥＣＬＡＴ　Ｌｉｅｎ,,合同会社,愛知県,名古屋市昭和区,山中町２丁目５番地の３,,23,107,4660828,,,,,,,2026-04-02,1,,,,,エクラリアン,0
720,4180305009789,新規,0,2026-04-02,2026-04-02,一般社団法人日本明清老翡翠収蔵協会,,その他の設立登記法人,愛知県,豊田市,明和町２丁目６２番地７,,23,211,4710825,,,,,,,2026-04-02,1,,,,,ニホンミンシンロウヒスイシュウゾウキョウカイ,0
722,4190001033010,新規,0,2026-04-02,2026-04-02,ＪＳ金属株式会社,,株式会社,三重県,三重郡川越町,大字豊田一色３０８番地,,24,344,5108123,,,,,,,2026-04-02,1,,,,,ジェイエスキンゾク,0
724,4190003005387,新規,0,2026-04-02,2026-04-02,合同会社のりくら,,合同会社,三重県,伊賀市,三田９４７番地２,,24,216,5180022,,,,,,,2026-04-02,1,,,,,ノリクラ,0
727,4200001044880,新規,0,2026-04-02,2026-04-02,株式会社フリーシステムクリエイト,,株式会社,岐阜県,各務原市,蘇原青雲町３丁目５４番地,,21,213,5040843,,,,,,,2026-04-02,1,,,,,フリーシステムクリエイト,0
729,4220001027256,新規,0,2026-04-02,2026-04-02,株式会社ＭＲＯラジオ,,株式会社,石川県,金沢市,本多町３丁目２番１号,,17,201,9200964,,,,,,,2026-04-02,1,,,,,エムアールオーラジオ,0
731,4230001021357,新規,0,2026-04-02,2026-04-02,株式会社キバン,,株式会社,富山県,高岡市,能町１４３２番地３,,16,202,9330003,,,,,,,2026-04-02,1,,,,,キバン,0
732,4230003002603,新規,0,2026-04-02,2026-04-02,ベストリンク合同会社,,合同会社,富山県,高岡市,東藤平蔵２４０番地２,,16,202,9330817,,,,,,,2026-04-02,1,,,,,ベストリンク,0
734,4250005009066,新規,0,2026-04-02,2026-04-02,無限責任市味負債整理組合,,その他の設立登記法人,山口県,萩市,（阿武郡田万崎村）,00143055,35,204,7580000,,,,,,,2026-04-02,1,,,,,,0
740,4290001113677,新規,0,2026-04-02,2026-04-02,トリゼンフーズ分割準備株式会社,,株式会社,福岡県,福岡市博多区,千代１丁目８番１３号,,40,132,8120044,,,,,,,2026-04-02,1,,,,,トリゼンフーズブンカツジュンビ,0
747,4330003011511,新規,0,2026-04-02,2026-04-02,合同会社ｄｄｄ,,合同会社,熊本県,熊本市中央区,花畑町１３番１８号ＴＭ３ビル２階,,43,101,8600806,,,,,,,2026-04-02,1,,,,,ディーディーディー,0
749,4340001028085,新規,0,2026-04-02,2026-04-02,株式会社清康園,,株式会社,鹿児島県,枕崎市,茅野町１３４番地,,46,204,8980098,,,,,,,2026-04-02,1,,,,,セイコウエン,0
751,4340003005149,新規,0,2026-04-02,2026-04-02,ｅ‐Ｆｉｎｉｔｙ合同会社,,合同会社,鹿児島県,鹿児島市,伊敷台４丁目１４番１０号,,46,201,8900007,,,,,,,2026-04-02,1,,,,,イーフィニティー,0
753,4370001053618,新規,0,2026-04-02,2026-04-02,株式会社カネサ,,株式会社,宮城県,遠田郡美里町,二郷字前谷地５２番地,,04,505,9894206,,,,,,,2026-04-02,1,,,,,カネサ,0
754,4370001053626,新規,0,2026-04-02,2026-04-02,株式会社Ｕｅｏ工業,,株式会社,宮城県,亘理郡亘理町,荒浜字横山１８９番地２,,04,361,9892311,,,,,,,2026-04-02,1,,,,,ウエオコウギョウ,0
757,4380003006300,新規,0,2026-04-02,2026-04-02,合同会社スナップショット,,合同会社,福島県,福島市,仁井田字竹ノ花１５番地の１９,,07,201,9608166,,,,,,,2026-04-02,1,,,,,スナップショット,0
758,4400003003666,新規,0,2026-04-02,2026-04-02,合同会社リハフィットスタジオ,,合同会社,岩手県,盛岡市,菜園２丁目６－６－５０４,,03,201,0200024,,,,,,,2026-04-02,1,,,,,リハフィットスタジオ,0
761,4420001019456,新規,0,2026-04-02,2026-04-02,株式会社ヤマコー,,株式会社,青森県,三戸郡南部町,大字小泉字上舘野３０番地３,,02,445,0390805,,,,,,,2026-04-02,1,,,,,ヤマコー,0
769,4430001096569,新規,0,2026-04-02,2026-04-02,株式会社ｅデジ,,株式会社,北海道,札幌市中央区,南十二条西１４丁目２番１号３０５室,,01,101,0640912,,,,,,,2026-04-02,1,,,,,イーデジ,0
778,4430003018769,新規,0,2026-04-02,2026-04-02,合同会社ハピネス,,合同会社,北海道,札幌市中央区,南十四条西１３丁目２番２３号,,01,101,0640914,,,,,,,2026-04-02,1,,,,,ハピネス,0
783,4460303000903,新規,0,2026-04-02,2026-04-02,合同会社ユニバー,,合同会社,北海道,北見市,寿町３丁目２番２７号,,01,208,0900065,,,,,,,2026-04-02,1,,,,,ユニバー,0
789,4700150135042,新規,0,2026-04-02,2026-04-02,ＹＡＯＫＩ　ＬＬＣ,,外国会社等,,,,,,,,７　ＦＡＬＣＯＮ　ＶＩＥＷ　Ｃｔ　Ｌａｓ　Ｖｅｇａｓ　ＡＶ　８９１３５　ＵＳＡ,,,,,,2026-04-02,1,,,,,ヤオキエルエルシー,0
790,4700150135050,新規,0,2026-04-02,2026-04-02,Ｂｌｉｚｚａｒｄ　Ｅｎｔｅｒｔａｉｎｍｅｎｔ　Ｉｎｃ．,,外国会社等,,,,,,,,１　Ｂｌｉｚｚａｒｄ　Ｗａｙ，Ｉｒｖｉｎｅ　ＣＡ　９２６１８，ＵＳＡ,,,,,,2026-04-02,1,,,,,ブリザードエンターテインメントインク,0
791,5000012010040,新規,0,2026-04-02,2026-04-02,サイバー通信情報監理委員会,,国の機関,東京都,港区,赤坂２丁目４－６,,13,103,1070052,,,,,,,2026-04-02,1,,,,,サイバーツウシンジョウホウカンリイインカイ,0
793,5010001264084,新規,0,2026-04-02,2026-04-02,ＢＷＥＬホールディングス株式会社,,株式会社,東京都,千代田区,麹町１丁目１２番地１住友不動産ふくおか半蔵門ビル３階,,13,101,1020083,,,,,,,2026-04-02,1,,,,,ビーウェルホールディングス,0
794,5010001264118,新規,0,2026-04-02,2026-04-02,株式会社ＪＳＰパートナーズコンサルティング,,株式会社,東京都,千代田区,丸の内１丁目１１－１パシフィックセンチュリープレイス丸の内８Ｆ,,13,101,1000005,,,,,,,2026-04-02,1,,,,,ジェイエスピーパートナーズコンサルティング,0
797,5010003050945,新規,0,2026-04-02,2026-04-02,合同会社ギバーズポート,,合同会社,東京都,中央区,日本橋２丁目１６―４ｒｅｍｉｘ日本橋６階,,13,102,1030027,,,,,,,2026-04-02,1,,,,,ギバーズポート,0
800,5010401196919,新規,0,2026-04-02,2026-04-02,株式会社ｃｏｉｃｈｉｇｏ,,株式会社,東京都,港区,南麻布２丁目９－９,,13,103,1060047,,,,,,,2026-04-02,1,,,,,コイチゴ,0
801,5010401197545,新規,0,2026-04-02,2026-04-02,Ｕｒｂａｎ　Ｓｕｉｔｅｓ株式会社,,株式会社,東京都,港区,三田２丁目３番３４－６０１号,,13,103,1080073,,,,,,,2026-04-02,1,,,,,アーバンスイーツ,0
806,5010603012171,新規,0,2026-04-02,2026-04-02,合同会社Ｃｒｏｓｓｏｖｅｒ　Ｏｌｏｇｙ,,合同会社,東京都,墨田区,両国３丁目９番７号古屋ビル１階,,13,107,1300026,,,,,,,2026-04-02,1,,,,,クロスオーバーオロジー,0
812,5011001176427,新規,0,2026-04-02,2026-04-02,株式会社トラスト,,株式会社,東京都,渋谷区,神南１丁目１１－４ＦＰＧリンクス神南５階,,13,113,1500041,,,,,,,2026-04-02,1,,,,,トラスト,0
813,5011001176583,新規,0,2026-04-02,2026-04-02,株式会社Ｒｅｘｉａ,,株式会社,東京都,渋谷区,道玄坂２丁目１０番８号,,13,113,1500043,,,,,,,2026-04-02,1,,,,,リクシア,0
814,5011003023908,新規,0,2026-04-02,2026-04-02,合同会社ＳＰＡＲＫ,,合同会社,東京都,渋谷区,神宮前１丁目４番２０号パークコート神宮前８３０,,13,113,1500001,,,,,,,2026-04-02,1,,,,,スパーク,0
815,5011003024047,新規,0,2026-04-02,2026-04-02,Ｌｉｂｒｉｄ合同会社,,合同会社,東京都,渋谷区,神南１丁目１１－４ＦＰＧリンクス神南５階,,13,113,1500041,,,,,,,2026-04-02,1,,,,,リブリード,0
819,5011101115276,新規,0,2026-04-02,2026-04-02,ＬＩＣ株式会社,,株式会社,東京都,新宿区,四谷３丁目１１番地山一ビル４階,,13,104,1600004,,,,,,,2026-04-02,1,,,,,エルアイシー,0
820,5011101115499,新規,0,2026-04-02,2026-04-02,株式会社１７８,,株式会社,東京都,新宿区,北新宿３丁目２－１－２２０,,13,104,1690074,,,,,,,2026-04-02,1,,,,,ヒャクナナジュウハチ,0
821,5011103017280,新規,0,2026-04-02,2026-04-02,Ｎｏｂｌｅ　Ｔｒａｄｉｎｇ　ａｎｄ　Ｇｅｎｅｒａｌ　Ｓｅｒｖｉｃｅｓ合同会社,,合同会社,東京都,新宿区,四谷三栄町２番１４号,,13,104,1600008,,,,,,,2026-04-02,1,,,,,ノーブルトレーディングアンドジェネラルサービス,0
822,5011201027066,新規,0,2026-04-02,2026-04-02,株式会社ＹＭ,,株式会社,東京都,中野区,上高田２丁目９番９号Ｄ号室,,13,114,1640002,,,,,,,2026-04-02,1,,,,,ワイエム,0
824,5011303005911,新規,0,2026-04-02,2026-04-02,ＳＳＳ合同会社,,合同会社,東京都,杉並区,上高井戸３丁目８番２１号,,13,115,1680074,,,,,,,2026-04-02,1,,,,,エスエスエス,0
831,5011801047661,新規,0,2026-04-02,2026-04-02,株式会社ＣｏＤｉｔｔｏ,,株式会社,東京都,葛飾区,東金町３丁目２２番７号,,13,122,1250041,,,,,,,2026-04-02,1,,,,,コーディット,0
835,5012403007681,新規,0,2026-04-02,2026-04-02,合同会社ＲＯＯＴＰＬＵＳ,,合同会社,東京都,武蔵野市,吉祥寺本町１丁目３８－４パール吉祥寺２０１,,13,203,1800004,,,,,,,2026-04-02,1,,,,,ルートプラス,0
848,5020001167856,新規,0,2026-04-02,2026-04-02,株式会社プロローグ,,株式会社,神奈川県,横浜市神奈川区,鶴屋町３丁目３２番地１４新港ビル４０７,,14,102,2210835,,,,,,,2026-04-02,1,,,,,プロローグ,0
854,5030001171691,新規,0,2026-04-02,2026-04-02,株式会社桜花,,株式会社,埼玉県,戸田市,笹目４丁目２５番地の８（ＭＲＡグランドール２０５号室）,,11,224,3350034,,,,,,,2026-04-02,1,,,,,オウカ,0
855,5030001171700,新規,0,2026-04-02,2026-04-02,株式会社Ａ＆Ｆ,,株式会社,埼玉県,さいたま市緑区,松木２丁目１９番地１２,,11,109,3360918,,,,,,,2026-04-02,1,,,,,エイアンドエフ,0
856,5040001143112,新規,0,2026-04-02,2026-04-02,株式会社ＫＨ通信,,株式会社,千葉県,船橋市,駿河台１丁目３０番３号,,12,204,2730862,,,,,,,2026-04-02,1,,,,,ケイエイチツウシン,0
857,5040001143178,新規,0,2026-04-02,2026-04-02,株式会社ＴＯＢＩＲＵＳＨ,,株式会社,千葉県,柏市,宿連寺４４５―５０,,12,217,2770826,,,,,,,2026-04-02,1,,,,,トビラッシュ,0
860,5040003029796,新規,0,2026-04-02,2026-04-02,合同会社Ｈｏｕｓｅ　Ｗｉｔｈ　Ｇａｒａｇｅ,,合同会社,千葉県,袖ケ浦市,代宿１０５―１３Ｇａｒｅｓｉｄｅｎｃｅ袖ヶ浦Ｆ号,,12,229,2990241,,,,,,,2026-04-02,1,,,,,ハウスウィズガレージ,0
866,5100003008686,新規,0,2026-04-02,2026-04-02,合同会社星の宿,,合同会社,長野県,飯山市,大字豊田６３５６番地ニ,,20,213,3892411,,,,,,,2026-04-02,1,,,,,ホシノヤド,0
867,5110001040021,新規,0,2026-04-02,2026-04-02,Ｋａｉｔｏ　Ｐａｒｔｎｅｒｓ株式会社,,株式会社,新潟県,妙高市,大字赤倉１０７番地２,,15,217,9492111,,,,,,,2026-04-02,1,,,,,カイトパートナーズ,0
875,5120001285326,新規,0,2026-04-02,2026-04-02,小山内不動産株式会社,,株式会社,大阪府,大阪市西区,立売堀４丁目６番２０号ＡＷＡＺＡビル６０２号,,27,106,5500012,,,,,,,2026-04-02,1,,,,,オサナイフドウサン,0
876,5120001285383,新規,0,2026-04-02,2026-04-02,さんずい株式会社,,株式会社,大阪府,大阪市北区,梅田１丁目２番２号大阪駅前第２ビル１２‐１２,,27,127,5300001,,,,,,,2026-04-02,1,,,,,サンズイ,0
879,5120003032263,新規,0,2026-04-02,2026-04-02,合同会社フィールドサポート,,合同会社,大阪府,寝屋川市,東香里園町３０－１９－１０２,,27,215,5720081,,,,,,,2026-04-02,1,,,,,フィールドサポート,0
880,5120003032271,新規,0,2026-04-02,2026-04-02,合同会社華月,,合同会社,大阪府,大阪市城東区,蒲生１丁目２番１１号,,27,118,5360016,,,,,,,2026-04-02,1,,,,,カゲツ,0
882,5120005025496,新規,0,2026-04-02,2026-04-02,司法書士法人輝誠法務事務所,,その他の設立登記法人,大阪府,大阪市北区,西天満１丁目６番３号樋上ビル５０１号室,,27,127,5300047,,,,,,,2026-04-02,1,,,,,キセイホウムジムショ,0
883,5120101073507,新規,0,2026-04-02,2026-04-02,株式会社ＷＩＳＥ,,株式会社,大阪府,和泉市,葛の葉町１丁目７番４１号,,27,219,5940081,,,,,,,2026-04-02,1,,,,,ワイズ,0
892,5130001081947,新規,0,2026-04-02,2026-04-02,株式会社ひまわり,,株式会社,京都府,京都市伏見区,京町５丁目７７番地７,,26,109,6128083,,,,,,,2026-04-02,1,,,,,ヒマワリ,0
896,5140001142244,新規,0,2026-04-02,2026-04-02,株式会社結い,,株式会社,兵庫県,丹波篠山市,大野２８１番地,,28,221,6692355,,,,,,,2026-04-02,1,,,,,ユイ,0
900,5150003003897,新規,0,2026-04-02,2026-04-02,合同会社Ｓｍｉｌｅｙ　Ｇｏｌｆ,,合同会社,奈良県,大和郡山市,丹後庄町２９４―８,,29,203,6391122,,,,,,,2026-04-02,1,,,,,スマイリーゴルフ,0
907,5180001171157,新規,0,2026-04-02,2026-04-02,株式会社Ｓｏｌｅｉｌ,,株式会社,愛知県,一宮市,丹陽町九日市場字東五反畑３１７４番地１,,23,203,4910824,,,,,,,2026-04-02,1,,,,,ソレイユ,0
908,5180001171388,新規,0,2026-04-02,2026-04-02,ＨＲ１３株式会社,,株式会社,愛知県,名古屋市港区,本宮新町６３番地の１,,23,111,4550065,,,,,,,2026-04-02,1,,,,,エイチアールジュウサン,0
910,5190003005394,新規,0,2026-04-02,2026-04-02,寺本商店合同会社,,合同会社,三重県,松阪市,新町８８９番地１,,24,204,5150075,,,,,,,2026-04-02,1,,,,,テラモトショウテン,0
914,5220001027255,新規,0,2026-04-02,2026-04-02,総合建築ＢＥＳＴ株式会社,,株式会社,石川県,白山市,鶴来朝日町６３番地,,17,210,9202111,,,,,,,2026-04-02,1,,,,,ソウゴウケンチクベスト,0
915,5220001027271,新規,0,2026-04-02,2026-04-02,株式会社ＬＩＦＥ　ＣＡＲＥ,,株式会社,石川県,野々市市,菅原町１９番７号,,17,212,9218814,,,,,,,2026-04-02,1,,,,,ライフケア,0
925,5260003005577,新規,0,2026-04-02,2026-04-02,のぶ合同会社,,合同会社,岡山県,倉敷市,庄新町１１番６－９号,,33,202,7010102,,,,,,,2026-04-02,1,,,,,,0
935,5330001034117,新規,0,2026-04-02,2026-04-02,株式会社インテリアホカムラ,,株式会社,熊本県,熊本市西区,中島町６８１番地１,,43,103,8615272,,,,,,,2026-04-02,1,,,,,インテリアホカムラ,0
936,5330001034133,新規,0,2026-04-02,2026-04-02,ＨＩＴＯＹＯＳＨＩ　Ｂａｓｅ株式会社,,株式会社,熊本県,人吉市,古仏頂町７６１―１,,43,203,8680062,,,,,,,2026-04-02,1,,,,,ヒトヨシベース,0
944,5330005011046,新規,0,2026-04-02,2026-04-02,一般社団法人ケアイスト協会,,その他の設立登記法人,熊本県,玉名市,岱明町下前原３３８番地２,,43,206,8690221,,,,,,,2026-04-02,1,,,,,ケアイストキョウカイ,0
947,5340003005148,新規,0,2026-04-02,2026-04-02,Ｔｈｒｅｅ　Ｌｕｖ合同会社,,合同会社,鹿児島県,鹿児島市,祇園之洲町７番地サンピーノ祇園之洲８０５号,00143103,46,201,8920803,,,,,,,2026-04-02,1,,,,,スリーラブ,0
951,5370001053641,新規,0,2026-04-02,2026-04-02,株式会社Ｋ．Ｋ,,株式会社,宮城県,仙台市青葉区,国分町３丁目１０番１５－８０１号,,04,101,9800803,,,,,,,2026-04-02,1,,,,,ケードットケー,0
952,5390005009167,新規,0,2026-04-02,2026-04-02,一般社団法人山形エリアマネジメント,,その他の設立登記法人,山形県,山形市,本町２丁目４番１８号ニーズビル１階,,06,201,9900043,,,,,,,2026-04-02,1,,,,,ヤマガタエリアマネジメント,0
954,5400003003665,新規,0,2026-04-02,2026-04-02,合同会社Ｓｗｉｔｃｈ,,合同会社,岩手県,盛岡市,向中野７丁目１番３６号グレース向中野１０３,,03,201,0200851,,,,,,,2026-04-02,1,,,,,スイッチ,0
957,5420001019455,新規,0,2026-04-02,2026-04-02,株式会社ＳＳＫ,,株式会社,青森県,八戸市,石堂１丁目２０―１８城北ハイツ２３号,,02,203,0391165,,,,,,,2026-04-02,1,,,,,エスエスケー,0
981,5700150135041,新規,0,2026-04-02,2026-04-02,ＨａｒｍｏｎｙＨｏｍｅｓＩｎｔｅｒｎａｔｉｏｎａｌ，ＬＬＣ,,外国会社等,,,,,,,,アメリカ合衆国ワイオミング州シェリダン、コフィーン通り１３０９、スイート１２００,,,,,,2026-04-02,1,,,,,ハーモニーホームズインターナシヨナルエルエルシー,0
993,6010001264190,新規,0,2026-04-02,2026-04-02,株式会社Ａｓｃｅｎｄｒａ,,株式会社,東京都,文京区,水道１丁目２番１７－１０６号,,13,105,1120005,,,,,,,2026-04-02,1,,,,,アセンドラ,0
994,6010003050861,新規,0,2026-04-02,2026-04-02,合同会社Ｌｅｓ　Ｍｅｄｉａ,,合同会社,東京都,中央区,晴海５丁目３番１－３０９号,,13,102,1040053,,,,,,,2026-04-02,1,,,,,レスメディア,0
999,6010401197668,新規,0,2026-04-02,2026-04-02,株式会社結空,,株式会社,東京都,港区,虎ノ門３丁目１－１虎ノ門三丁目ビルディング２ＦＱｕｅｓｔ虎ノ門,,13,103,1050001,,,,,,,2026-04-02,1,,,,,ケックウ,0
1002,6010601068999,新規,0,2026-04-02,2026-04-02,株式会社ＩＭＡＲＡ　ＡＵＴＯ　ＥＸＰＯＲＴ,,株式会社,東京都,江東区,大島１丁目２３番２５号ファイン１０１,,13,108,1360072,,,,,,,2026-04-02,1,,,,,イマラオートエクスポート,0
1010,6011001176426,新規,0,2026-04-02,2026-04-02,株式会社ネクスト,,株式会社,東京都,渋谷区,神南１丁目１１－４ＦＰＧリンクス神南５階,,13,113,1500041,,,,,,,2026-04-02,1,,,,,ネクスト,0
1011,6011001176450,新規,0,2026-04-02,2026-04-02,株式会社ＳＨＩＫＩ,,株式会社,東京都,目黒区,青葉台４丁目７番４号Ｉ．Ｗ．ＰｌａｃｅＡｏｂａｄａｉ４０１,,13,110,1530042,,,,,,,2026-04-02,1,,,,,シキ,0
1012,6011001176500,新規,0,2026-04-02,2026-04-02,株式会社ＭＧダイニング,,株式会社,東京都,渋谷区,円山町５番３号ＭＩＥＵＸビル８階,,13,113,1500044,,,,,,,2026-04-02,1,,,,,エムジーダイニング,0
1013,6011103017148,新規,0,2026-04-02,2026-04-02,Ａｌｇｅｎｔｉｏ合同会社,,合同会社,東京都,新宿区,西新宿７丁目１０－１７ダイカンプラザＢ館３０４,,13,104,1600023,,,,,,,2026-04-02,1,,,,,アルゲンシオ,0
1014,6011103017206,新規,0,2026-04-02,2026-04-02,合同会社Ａｄｖａｎｃｅｄ　Ｂｕｓｉｎｅｓｓ　Ｃｌｏｕｄ,,合同会社,東京都,新宿区,新宿４丁目３－１５レイフラット新宿Ｂ棟３Ｆ,,13,104,1600022,,,,,,,2026-04-02,1,,,,,アドバンスドビジネスクラウド,0
1015,6011103017247,新規,0,2026-04-02,2026-04-02,ＭＡＭＩ合同会社,,合同会社,東京都,新宿区,西新宿３丁目３番１３号西新宿水間ビル６階,,13,104,1600023,,,,,,,2026-04-02,1,,,,,マミ,0
1016,6011103017263,新規,0,2026-04-02,2026-04-02,ペガケル合同会社,,合同会社,東京都,新宿区,南山伏町３番３－１３０１号,,13,104,1620854,,,,,,,2026-04-02,1,,,,,ペガケル,0
1018,6011301031388,新規,0,2026-04-02,2026-04-02,ｓａｋａｎａ株式会社,,株式会社,東京都,杉並区,浜田山４丁目２９番１２号グランリビオ浜田山４０１,,13,115,1680065,,,,,,,2026-04-02,1,,,,,サカナ,0
1031,6011801047677,新規,0,2026-04-02,2026-04-02,ＴｔｏＴ株式会社,,株式会社,東京都,足立区,千住大川町２７－７,,13,121,1200031,,,,,,,2026-04-02,1,,,,,ティトゥティ,0
1033,6012703003495,新規,0,2026-04-02,2026-04-02,合同会社Ｋ　ＬＵＸＥ　ＡＥＴＨＥＲ,,合同会社,東京都,東村山市,栄町１丁目１２番地１,,13,213,1890013,,,,,,,2026-04-02,1,,,,,ケイリュクスエーテル,0
1040,6020001167855,新規,0,2026-04-02,2026-04-02,株式会社利陽,,株式会社,神奈川県,川崎市川崎区,大島５丁目１３番１７－１００９号,,14,131,2100834,,,,,,,2026-04-02,1,,,,,リヨウ,0
1042,6020003030730,新規,0,2026-04-02,2026-04-02,合同会社ＶＥＲＴＩＣＥ,,合同会社,神奈川県,横浜市神奈川区,金港町５－１４クアドリフォリオ８階,,14,102,2210056,,,,,,,2026-04-02,1,,,,,ヴェルティス,0
1046,6030001171674,新規,0,2026-04-02,2026-04-02,株式会社ＭＯＮＥ’ｓ,,株式会社,埼玉県,戸田市,新曽南２丁目１２番２６号,,11,224,3350026,,,,,,,2026-04-02,1,,,,,モンズ,0
1047,6030001171690,新規,0,2026-04-02,2026-04-02,株式会社ＡｘｉｓＷｏｒｋｓ,,株式会社,埼玉県,上尾市,西宮下２丁目１３６番地８,,11,219,3620043,,,,,,,2026-04-02,1,,,,,アクシスワークス,0
1048,6030001171708,新規,0,2026-04-02,2026-04-02,株式会社テセラクト,,株式会社,埼玉県,朝霞市,朝志ケ丘１丁目７番１７号,,11,227,3510035,,,,,,,2026-04-02,1,,,,,テセラクト,0
1054,6030003028922,新規,0,2026-04-02,2026-04-02,ＡＩ　Ａｒｒａｎｇｅｒ合同会社,,合同会社,埼玉県,所沢市,狭山ケ丘１丁目３００７番地の３３,,11,208,3591161,,,,,,,2026-04-02,1,,,,,エーアイアレンジャー,0
1055,6030005022460,新規,0,2026-04-02,2026-04-02,医療法人彩肌会,,その他の設立登記法人,埼玉県,さいたま市大宮区,桜木町２丁目４番地１０ＹＧ大宮駅前第一ビル５階,,11,103,3300854,,,,,,,2026-04-02,1,,,,,サイキカイ,0
1068,6050001058192,新規,0,2026-04-02,2026-04-02,株式会社プロセス１,,株式会社,茨城県,神栖市,息栖３９５０番地２３６,,08,232,3140133,,,,,,,2026-04-02,1,,,,,プロセスワン,0
1069,6060001039134,新規,0,2026-04-02,2026-04-02,宇河不動産株式会社,,株式会社,栃木県,宇都宮市,上田町９１９番地１３,,09,201,3210405,,,,,,,2026-04-02,1,,,,,ウカワフドウサン,0
1075,6110001040020,新規,0,2026-04-02,2026-04-02,株式会社ａ‐ｃｏｍｍｅｒｃｅ,,株式会社,新潟県,長岡市,寺宝町２３４番地,,15,202,9402057,,,,,,,2026-04-02,1,,,,,エーコマース,0
1077,6120001285325,新規,0,2026-04-02,2026-04-02,株式会社ＫＥＧアフタースクール,,株式会社,大阪府,大阪市中央区,船場中央１丁目２番１－Ｂ１５４号,,27,128,5410055,,,,,,,2026-04-02,1,,,,,ケーイージーアフタースクール,0
1078,6120001285333,新規,0,2026-04-02,2026-04-02,株式会社アクアリンクス,,株式会社,大阪府,大阪市中央区,日本橋２丁目１２番１４号第二昭栄マンション３０２号,,27,128,5420073,,,,,,,2026-04-02,1,,,,,アクアリンクス,0
1079,6120001285382,新規,0,2026-04-02,2026-04-02,株式会社シール,,株式会社,大阪府,大阪市中央区,南船場２丁目２‐２８ジェイ・プライド順慶４０５号,,27,128,5420081,,,,,,,2026-04-02,1,,,,,シール,0
1080,6120001285416,新規,0,2026-04-02,2026-04-02,株式会社室谷電気,,株式会社,大阪府,大阪市住吉区,苅田９丁目７番２１号,,27,120,5580011,,,,,,,2026-04-02,1,,,,,ムロタニデンキ,0
1083,6120003032295,新規,0,2026-04-02,2026-04-02,合同会社林,,合同会社,大阪府,大阪市北区,西天満５丁目３番２１号ブランメゾン堀川２０１号室,,27,127,5300047,,,,,,,2026-04-02,1,,,,,ハヤシ,0
1084,6120101073448,新規,0,2026-04-02,2026-04-02,株式会社ＲＭＴ,,株式会社,大阪府,泉佐野市,高松東１丁目７番９号,,27,213,5980012,,,,,,,2026-04-02,1,,,,,アールエムティー,0
1088,6122001040321,新規,0,2026-04-02,2026-04-02,株式会社アセシア,,株式会社,大阪府,東大阪市,日下町１丁目９番５号,,27,227,5798003,,,,,,,2026-04-02,1,,,,,アセシア,0
1089,6130003011281,新規,0,2026-04-02,2026-04-02,合同会社アヤテック,,合同会社,京都府,京都市山科区,勧修寺御所内町１８番地クローバー勧修寺４０５号,,26,110,6078218,,,,,,,2026-04-02,1,,,,,アヤテック,0
1100,6180001171321,新規,0,2026-04-02,2026-04-02,株式会社アークレア,,株式会社,愛知県,名古屋市北区,城見通３丁目１３黒川ターミナルビル１Ｆ,,23,103,4620046,,,,,,,2026-04-02,1,,,,,アークレア,0
1101,6180001171362,新規,0,2026-04-02,2026-04-02,株式会社ワイズオートロジ,,株式会社,愛知県,名古屋市中村区,名駅４丁目２４番５号第２森ビル４０１,,23,105,4500002,,,,,,,2026-04-02,1,,,,,ワイズオートロジ,0
1102,6180001171404,新規,0,2026-04-02,2026-04-02,株式会社Ｆ・ＳＥＲＡ,,株式会社,愛知県,名古屋市中区,栄１丁目２２番１６号,,23,106,4600008,,,,,,,2026-04-02,1,,,,,エフセーラ,0
1106,6180005021480,新規,0,2026-04-02,2026-04-02,一般社団法人ジャパンプレゼンス協会,,その他の設立登記法人,愛知県,名古屋市西区,名駅２丁目２７－８名古屋プライムセントラルタワー３階,,23,104,4510045,,,,,,,2026-04-02,1,,,,,ジャパンプレゼンスキョウカイ,0
1112,6200001044870,新規,0,2026-04-02,2026-04-02,株式会社ＫＵＤ,,株式会社,岐阜県,海津市,平田町者結２６４番地１,,21,221,5030305,,,,,,,2026-04-02,1,,,,,ケーユーディー,0
1113,6200003007289,新規,0,2026-04-02,2026-04-02,合同会社ＲＥＣＲＥＡＴＯＲ,,合同会社,岐阜県,関市,神野１８４０,,21,205,5013203,,,,,,,2026-04-02,1,,,,,リクリエーター,0
1115,6220001027254,新規,0,2026-04-02,2026-04-02,株式会社ＨＭＥ,,株式会社,石川県,金沢市,中屋１丁目７１番地（セーラム・１０３号）,,17,201,9200381,,,,,,,2026-04-02,1,,,,,エイチエムイー,0
1119,6250003003936,新規,0,2026-04-02,2026-04-02,合同会社ヨシツグ設備,,合同会社,山口県,山口市,黄金町４番８－２０３号,,35,203,7530045,,,,,,,2026-04-02,1,,,,,ヨシツグセツビ,0
1122,6260005011589,新規,0,2026-04-02,2026-04-02,一般社団法人てと,,その他の設立登記法人,岡山県,備前市,吉永町吉永中６６３番地１３,,33,211,7090224,,,,,,,2026-04-02,1,,,,,テト,0
1130,6290001113675,新規,0,2026-04-02,2026-04-02,ＹＴ　ＴＲＡＤＩＮＧ株式会社,,株式会社,福岡県,古賀市,新原８６８番地３,,40,223,8113127,,,,,,,2026-04-02,1,,,,,ワィティートレーディング,0
1134,6290801032372,新規,0,2026-04-02,2026-04-02,株式会社ｃｏｌｏｒ,,株式会社,福岡県,北九州市小倉南区,志井６丁目１６番６－９０１号,,40,107,8020985,,,,,,,2026-04-02,1,,,,,カラー,0
1135,6290801032389,新規,0,2026-04-02,2026-04-02,株式会社シグネリカ,,株式会社,福岡県,北九州市八幡西区,光貞台２丁目６番１号,,40,109,8070805,,,,,,,2026-04-02,1,,,,,シグネリカ,0
1143,6330003011501,新規,0,2026-04-02,2026-04-02,ＨＬホールディングス合同会社,,合同会社,熊本県,阿蘇郡南阿蘇村,大字長野１８０９番地１０,,43,433,8691403,,,,,,,2026-04-02,1,,,,,エイチエルホーディングス,0
1145,6340003005147,新規,0,2026-04-02,2026-04-02,合同会社ＲａｎｄＧｓｕｐｐｏｒｔ,,合同会社,鹿児島県,志布志市,志布志町安楽１７２１番地１,,46,221,8997104,,,,,,,2026-04-02,1,,,,,アールアンドジーサポート,0
1146,6350003005146,新規,0,2026-04-02,2026-04-02,アグロネット合同会社,,合同会社,宮崎県,都城市,姫城町１７街区２６号,,45,202,8850073,,,,,,,2026-04-02,1,,,,,アグロネット,0
1150,6390005009166,新規,0,2026-04-02,2026-04-02,医療法人小室医院,,その他の設立登記法人,山形県,村山市,楯岡新町３丁目２番２号,,06,208,9950033,,,,,,,2026-04-02,1,,,,,コムロイイン,0
1170,6430003018767,新規,0,2026-04-02,2026-04-02,Ｓｔｕｄｉｏ９４．合同会社,,合同会社,北海道,札幌市北区,北二十二条西３丁目２番３３－９０５号,,01,102,0010022,,,,,,,2026-04-02,1,,,,,スタジオナインティフォー,0
1171,6430003018775,新規,0,2026-04-02,2026-04-02,合同会社ブライトサイドエージェンシー,,合同会社,北海道,札幌市中央区,南五条西８丁目８番地２ヒロ５．８コート５Ｆ,,01,101,0640805,,,,,,,2026-04-02,1,,,,,ブライトサイドエージェンシー,0
1179,6460001006077,新規,0,2026-04-02,2026-04-02,株式会社カネヤ岩佐商店,,株式会社,北海道,厚岸郡浜中町,霧多布東一条２丁目２１番地,,01,663,0881511,,,,,,,2026-04-02,1,,,,,カネヤイワサショウテン,0
1180,6460003001101,新規,0,2026-04-02,2026-04-02,直成アドバンス合同会社,,合同会社,北海道,釧路市,武佐１丁目４５番８号,,01,206,0850806,,,,,,,2026-04-02,1,,,,,チョクセイアドバンス,0
1184,6480003002411,新規,0,2026-04-02,2026-04-02,合同会社ＲＥＤ　ＡＲＲＯＷ,,合同会社,徳島県,徳島市,中吉野町２丁目４０番地の３,,36,201,7700804,,,,,,,2026-04-02,1,,,,,レッドアロウ,0
1188,6700150135049,新規,0,2026-04-02,2026-04-02,ＢＯＵＮＴＩＦＵＬ　ＧＬＯＢＡＬ　ＨＯＬＤＩＮＧＳ　ＬＩＭＩＴＥＤ,,外国会社等,,,,,,,,Ｖｉｓｔｒａ　Ｃｏｒｐｏｒａｔｅ　Ｓｅｒｖｉｃｅｓ　Ｃｅｎｔｒｅ，Ｗｉｃｋｈａｍｓ　Ｃａｙ　ＩＩ，Ｒｏａｄ　Ｔｏｗｎ．Ｔｏｒｔｏｌａ，ＶＧ１１１０，Ｂｒｉｔｉｓｈ　Ｖｉｒｇｉｎ　Ｉｓｌａｎｄｓ,00143101,,,,,2026-04-02,1,,,,,バウンテイフルグローバルホールデイングスリミテツド,0
1196,7010001264033,新規,0,2026-04-02,2026-04-02,株式会社ユアブレイン,,株式会社,東京都,中央区,東日本橋３丁目６番８－６０３号,,13,102,1030004,,,,,,,2026-04-02,1,,,,,ユアブレイン,0
1197,7010001264074,新規,0,2026-04-02,2026-04-02,Ｇｏｌｄｅｎ　Ｚｅｐｈｙｒ株式会社,,株式会社,東京都,中央区,新川１丁目１６番７号ＮＡＯＳＨＩビル２階,,13,102,1040033,,,,,,,2026-04-02,1,,,,,ゴールデンジーフィア,0
1198,7010001264108,新規,0,2026-04-02,2026-04-02,ＴＨＥ　ＳＥＡＲＣＨ株式会社,,株式会社,東京都,千代田区,神田神保町２丁目１０番３１号ＩＷビル１Ｆ,,13,101,1010051,,,,,,,2026-04-02,1,,,,,ザサーチ,0
1200,7010003050910,新規,0,2026-04-02,2026-04-02,合同会社Ｚｅｎ　ＡＩ　Ｓｙｓｔｅｍｓ,,合同会社,東京都,中央区,日本橋人形町１丁目１９－１－２Ｆ,,13,102,1030013,,,,,,,2026-04-02,1,,,,,ゼンエーアイシステムズ,0
1201,7010003050943,新規,0,2026-04-02,2026-04-02,モノフリー合同会社,,合同会社,東京都,中央区,日本橋室町１丁目１１番１２号日本橋水野ビル７階,,13,102,1030022,,,,,,,2026-04-02,1,,,,,モノフリー,0
1202,7010003050951,新規,0,2026-04-02,2026-04-02,合同会社ｔｓｕｋｕｒｉｃｏｍ,,合同会社,東京都,中央区,銀座１丁目１２番４号Ｎ＆ＥＢＬＤ．６Ｆ,,13,102,1040061,,,,,,,2026-04-02,1,,,,,ツクリコム,0
1208,7010401197675,新規,0,2026-04-02,2026-04-02,ＳＡＮＺＥ　ＪＡＰＡＮ株式会社,,株式会社,東京都,港区,西新橋２丁目１５番１７号リッツ虎ノ門６階,,13,103,1050003,,,,,,,2026-04-02,1,,,,,サンゼジャパン,0
1209,7010401197709,新規,0,2026-04-02,2026-04-02,株式会社ＡＲＢＯＲＩＸ,,株式会社,東京都,港区,南青山３丁目１番３６号青山丸竹ビル６Ｆ,,13,103,1070062,,,,,,,2026-04-02,1,,,,,アーボリクス,0
1211,7010405025535,新規,0,2026-04-02,2026-04-02,一般社団法人Ｍａｔｍｏ,,その他の設立登記法人,東京都,港区,虎ノ門１丁目１番１８号ヒューリック虎ノ門ビル９階Ｌ＆Ｐ司法書士法人内,,13,103,1050001,,,,,,,2026-04-02,1,,,,,マットゥモ,0
1225,7011001176466,新規,0,2026-04-02,2026-04-02,株式会社ミヤマ,,株式会社,東京都,目黒区,青葉台１丁目４番３１号,,13,110,1530042,,,,,,,2026-04-02,1,,,,,ミヤマ,0
1226,7011001176739,新規,0,2026-04-02,2026-04-02,株式会社ディオス,,株式会社,東京都,渋谷区,代々木３丁目３７番７号グランハイツ代々木２０４,,13,113,1510053,,,,,,,2026-04-02,1,,,,,ディオス,0
1229,7011101115332,新規,0,2026-04-02,2026-04-02,株式会社キングクオリティ,,株式会社,東京都,新宿区,高田馬場１丁目３１－８,,13,104,1690075,,,,,,,2026-04-02,1,,,,,キングクオリティ,0
1231,7011103017205,新規,0,2026-04-02,2026-04-02,合同会社Ａｒｃ　Ｉｎｔｅｌｌｉｇｅｎｃｅ　Ｇｒｏｗｔｈ,,合同会社,東京都,新宿区,高田馬場２丁目１７－３東京三協信用金庫本店ビル６－８Ｆ,,13,104,1690075,,,,,,,2026-04-02,1,,,,,アークインテリジェンスグロース,0
1234,7011203004986,新規,0,2026-04-02,2026-04-02,合同会社松籟,,合同会社,東京都,中野区,上鷺宮４丁目１３番８号サニーハウス鷺の台１０１,,13,114,1650031,,,,,,,2026-04-02,1,,,,,ショウライ,0
1243,7012703003494,新規,0,2026-04-02,2026-04-02,合同会社Ｋ　ＬＵＸＥ　ＳＯＰＨＩＡ,,合同会社,東京都,東村山市,栄町１丁目１２番地１,,13,213,1890013,,,,,,,2026-04-02,1,,,,,ケイリュクスソフィア,0
1244,7012801024632,新規,0,2026-04-02,2026-04-02,株式会社月里,,株式会社,東京都,立川市,富士見町６丁目２６番２０７号,,13,202,1900013,,,,,,,2026-04-02,1,,,,,ツキサト,0
1254,7020001167838,新規,0,2026-04-02,2026-04-02,Ｅｔｅｒｎａｌ　Ｔａｌｅｓ株式会社,,株式会社,神奈川県,横浜市青葉区,美しが丘２丁目１７－２６フォーリストビル３階,,14,117,2250002,,,,,,,2026-04-02,1,,,,,エターナルテイルズ,0
1257,7021001087902,新規,0,2026-04-02,2026-04-02,株式会社足柄電子工房,,株式会社,神奈川県,南足柄市,内山２１４９番地１,,14,217,2500131,,,,,,,2026-04-02,1,,,,,アシガラデンシコウボウ,0
1264,7030001171632,新規,0,2026-04-02,2026-04-02,ＭＸＫ株式会社,,株式会社,埼玉県,川口市,西青木１丁目２４番１７－７０４号ガーラ・レジデンス川口西青木,,11,203,3320035,,,,,,,2026-04-02,1,,,,,エムエックスケー,0
1265,7030001171698,新規,0,2026-04-02,2026-04-02,株式会社ＲＥＢＥＬ,,株式会社,埼玉県,川越市,大字的場１１６９番地２－１０３号,,11,201,3501101,,,,,,,2026-04-02,1,,,,,レベル,0
1266,7030001171707,新規,0,2026-04-02,2026-04-02,ＬＫＤ工業株式会社,,株式会社,埼玉県,草加市,花栗３丁目２０－４３,,11,221,3400044,,,,,,,2026-04-02,1,,,,,エルケーディーコウギョウ,0
1268,7030003028938,新規,0,2026-04-02,2026-04-02,ＭＯＳＳＴＵＤＩＯ合同会社,,合同会社,埼玉県,川口市,大字安行原１４６１番地の３,,11,203,3340057,,,,,,,2026-04-02,1,,,,,モスタジオ,0
1269,7030003028979,新規,0,2026-04-02,2026-04-02,Ｒａｄｉａｌ合同会社,,合同会社,埼玉県,新座市,畑中１丁目１０番６ー２０８号,,11,230,3520012,,,,,,,2026-04-02,1,,,,,ラジアル,0
1279,7060002037490,新規,0,2026-04-02,2026-04-02,有限会社三宅商店,,有限会社,栃木県,足利市,錦町９２番地,,09,202,3260047,,,,,,,2026-04-02,1,,,,,ミヤケショウテン,0
1281,7070001043951,新規,0,2026-04-02,2026-04-02,車達人株式会社,,株式会社,群馬県,高崎市,貝沢町７２４－１,,10,202,3700042,,,,,,,2026-04-02,1,,,,,,0
1283,7070003006361,新規,0,2026-04-02,2026-04-02,合同会社ｔｉｅ‐ｕｐ,,合同会社,群馬県,館林市,本町２丁目３－７木村ビル１Ｆ,,10,207,3740024,,,,,,,2026-04-02,1,,,,,タイアップ,0
1284,7100001039491,新規,0,2026-04-02,2026-04-02,ＡＫマーケティング株式会社,,株式会社,長野県,北佐久郡軽井沢町,大字長倉２７４５番地１２,,20,321,3890111,,,,,,,2026-04-02,1,,,,,エイケイマーケティング,0
1285,7100001039500,新規,0,2026-04-02,2026-04-02,株式会社ヨクナル,,株式会社,長野県,松本市,大字島内３９９４番地３,,20,202,3900851,,,,,,,2026-04-02,1,,,,,ヨクナル,0
1287,7100003008684,新規,0,2026-04-02,2026-04-02,ＦＡＮＴＡＳＩＡ合同会社,,合同会社,長野県,上水内郡信濃町,大字柏原９５７番地１,,20,583,3891305,,,,,,,2026-04-02,1,,,,,ファンタジア,0
1293,7120001285274,新規,0,2026-04-02,2026-04-02,株式会社ＳＳＳ,,株式会社,大阪府,大阪市平野区,瓜破西２丁目２‐２２,,27,126,5470025,,,,,,,2026-04-02,1,,,,,エスエスエス,0
1299,7122001040320,新規,0,2026-04-02,2026-04-02,株式会社クリアデントｈｕｂ,,株式会社,大阪府,四條畷市,雁屋南町１２－１１－２０１,,27,229,5750036,,,,,,,2026-04-02,1,,,,,クリアデントハブ,0
1304,7140001141987,新規,0,2026-04-02,2026-04-02,株式会社あぼしまちみらい舎,,株式会社,兵庫県,姫路市,網干区興浜７２番地,,28,201,6711241,,,,,,,2026-04-02,1,,,,,アボシマチミライシャ,0
1305,7140001142218,新規,0,2026-04-02,2026-04-02,まくる株式会社,,株式会社,兵庫県,神戸市東灘区,向洋町中５丁目１５番,,28,101,6580032,,,,,,,2026-04-02,1,,,,,マクル,0
1306,7140001142250,新規,0,2026-04-02,2026-04-02,ＰＲＯＧＮＹ株式会社,,株式会社,兵庫県,神戸市中央区,脇浜町３丁目４－１３,,28,110,6510072,,,,,,,2026-04-02,1,,,,,プログニー,0
1308,7140003023399,新規,0,2026-04-02,2026-04-02,カンファタブルホームズ合同会社,,合同会社,兵庫県,西宮市,上田中町２番１７－１０２号,,28,204,6638134,,,,,,,2026-04-02,1,,,,,カンファタブルホームズ,0
1311,7150005009775,新規,0,2026-04-02,2026-04-02,一般社団法人女性エンジニア育成支援フォーラム,,その他の設立登記法人,奈良県,奈良市,橋本町３番地１,,29,201,6308217,,,,,,,2026-04-02,1,,,,,ジョセイエンジニアイクセイシエンフォーラム,0
1314,7180001171312,新規,0,2026-04-02,2026-04-02,Ａｑｕａ　Ｔｈｅｏｎ　Ｊａｐａｎ株式会社,,株式会社,愛知県,名古屋市中村区,名駅１丁目１番１号ＪＰタワー２１階,,23,105,4500002,,,,,,,2026-04-02,1,,,,,アクアセオンジャパン,0
1315,7180001171353,新規,0,2026-04-02,2026-04-02,株式会社山雅電設,,株式会社,愛知県,豊明市,西川町笹原１４番地３,,23,229,4701123,,,,,,,2026-04-02,1,,,,,ヤマガデンセツ,0
1316,7180001171361,新規,0,2026-04-02,2026-04-02,株式会社ＳＴＯＲＹ,,株式会社,愛知県,名古屋市北区,瑠璃光町２丁目５番地の３,,23,103,4620866,,,,,,,2026-04-02,1,,,,,ストーリー,0
1324,7220001027261,新規,0,2026-04-02,2026-04-02,株式会社ＡＲＫ,,株式会社,石川県,金沢市,利屋町い３番地２,,17,201,9200101,,,,,,,2026-04-02,1,,,,,アーク,0
1329,7260001041127,新規,0,2026-04-02,2026-04-02,株式会社ＡＤＶＡＮＴＥＣ,,株式会社,岡山県,倉敷市,笹沖１１０６－１シティルイーレ３０６,,33,202,7100834,,,,,,,2026-04-02,1,,,,,アドバンテック,0
1342,7340001028066,新規,0,2026-04-02,2026-04-02,株式会社ディアナ,,株式会社,鹿児島県,鹿児島市,中町４番６号,,46,201,8920827,,,,,,,2026-04-02,1,,,,,ディアナ,0
1347,7360001036587,新規,0,2026-04-02,2026-04-02,ハーバーゲートヘルスケアコンサルティング株式会社,,株式会社,沖縄県,那覇市,久茂地３丁目２６－３２ＹＳＣビル２０２,,47,201,9000015,,,,,,,2026-04-02,1,,,,,ハーバーゲートヘルスケアコンサルティング,0
1350,7370001053607,新規,0,2026-04-02,2026-04-02,株式会社クラシス,,株式会社,宮城県,仙台市宮城野区,宮千代２丁目１１番地の２４,,04,102,9830044,,,,,,,2026-04-02,1,,,,,クラシス,0
1351,7370001053623,新規,0,2026-04-02,2026-04-02,株式会社ＴＭＴ仙台,,株式会社,宮城県,仙台市若林区,土樋２６７番,,04,103,9840065,,,,,,,2026-04-02,1,,,,,ティーエムティーセンダイ,0
1352,7370003007536,新規,0,2026-04-02,2026-04-02,Ｃｌｏｕｄｅｎｓｉｓ合同会社,,合同会社,宮城県,仙台市青葉区,中央２丁目１１－１９仙南ビル４階－Ａ,,04,101,9800021,,,,,,,2026-04-02,1,,,,,クラウデンシス,0
1378,7700150135048,新規,0,2026-04-02,2026-04-02,Ｔｅｌｅｇｒａｐｈ　Ｍｅｄｉａ　Ｇｒｏｕｐ　Ｈｏｌｄｉｎｇｓ　Ｌｉｍｉｔｅｄ,,外国会社等,,,,,,,,１１１　Ｂｕｃｋｉｎｇｈａｍ　Ｐａｌａｃｅ　Ｒｏａｄ，Ｌｏｎｄｏｎ，ＳＷ１Ｗ　ＯＤＴ，Ｕｎｉｔｅｄ　Ｋｉｎｇｄｏｍ,,,,,,2026-04-02,1,,,,,テレグラフメデイアグループホールデイングスリミテツド,0
1379,7700150135056,新規,0,2026-04-02,2026-04-02,名取市増田西土地区画整理組合,,その他,宮城県,名取市,手倉田字諏訪２６８番地の１,,04,207,9811231,,,,,,,2026-04-02,1,,,,,ナトリシマスダニシトチクカクセイリクミアイ,0
1380,8000020249378,新規,0,2026-04-02,2026-04-02,いなべ市菰野町清掃事務組合,,地方公共団体,三重県,いなべ市,北勢町阿下喜２６３３番地,,24,214,5110428,,,,,,,2026-04-02,1,,,,,イナベシコモノチョウセイソウジムクミアイ,0
1387,8010001264107,新規,0,2026-04-02,2026-04-02,株式会社Ａｎｃｈｏｒ‐ＩＧ　Ｍａｎａｇｅｍｅｎｔ　Ｐａｒｔｎｅｒｓ,,株式会社,東京都,千代田区,丸の内１丁目９番２号グラントウキョウサウスタワー８階,,13,101,1000005,,,,,,,2026-04-02,1,,,,,アンカーアイジーマネジメントパートナーズ,0
1388,8010001264197,新規,0,2026-04-02,2026-04-02,株式会社さて,,株式会社,東京都,中央区,月島３丁目３１番６―１００１号,,13,102,1040052,,,,,,,2026-04-02,1,,,,,サテ,0
1390,8010003050876,新規,0,2026-04-02,2026-04-02,合同会社ソウルデザイン,,合同会社,東京都,中央区,銀座１丁目２２番１１号銀座大竹ビジデンス２階,,13,102,1040061,,,,,,,2026-04-02,1,,,,,ソウルデザイン,0
1391,8010003050942,新規,0,2026-04-02,2026-04-02,合同会社ローカルエンジン,,合同会社,東京都,中央区,銀座１丁目２２番１１号銀座大竹ビジデンス２Ｆ,,13,102,1040061,,,,,,,2026-04-02,1,,,,,ローカルエンジン,0
1392,8010003050950,新規,0,2026-04-02,2026-04-02,ＳｏＲｉｇｈｔ合同会社,,合同会社,東京都,中央区,銀座１丁目１２番４号Ｎ＆ＥＢＬＤ．６Ｆ,,13,102,1040061,,,,,,,2026-04-02,1,,,,,ソーライト,0
1404,8010401197518,新規,0,2026-04-02,2026-04-02,ＳｎＴ　Ｃａｐｉｔａｌ株式会社,,株式会社,東京都,港区,赤坂７丁目５番１０－４０２号,,13,103,1070052,,,,,,,2026-04-02,1,,,,,エスエヌティキャピタル,0
1405,8010401197591,新規,0,2026-04-02,2026-04-02,株式会社旭川アライアンス,,株式会社,東京都,港区,芝浦３丁目４番２号グランパークハイツ１８０６,,13,103,1080023,,,,,,,2026-04-02,1,,,,,アサヒカワアライアンス,0
1412,8011001176374,新規,0,2026-04-02,2026-04-02,株式会社ＭＡＺＥ,,株式会社,東京都,渋谷区,道玄坂１丁目１０－８渋谷道玄坂東急ビル２Ｆ－Ｃ,,13,113,1500043,,,,,,,2026-04-02,1,,,,,メイズ,0
1413,8011001176432,新規,0,2026-04-02,2026-04-02,株式会社Ａｐｔｅｎ,,株式会社,東京都,渋谷区,恵比寿４丁目１１－９クオーレエビス３０２,,13,113,1500013,,,,,,,2026-04-02,1,,,,,アプテン,0
1415,8011003023855,新規,0,2026-04-02,2026-04-02,ＹＯＸ合同会社,,合同会社,東京都,渋谷区,神南１丁目１１－４ＦＰＧリンクス神南５階,,13,113,1500041,,,,,,,2026-04-02,1,,,,,ワイオーエックス,0
1416,8011003023913,新規,0,2026-04-02,2026-04-02,合同会社Ｓｕｂｌｏｇｉ　ＡＩ　Ｗｏｒｋｓ,,合同会社,東京都,渋谷区,道玄坂１丁目１０番８号渋谷道玄坂東急ビル２Ｆ－Ｃ,,13,113,1500043,,,,,,,2026-04-02,1,,,,,サブロジエーアイワークス,0
1421,8011101115414,新規,0,2026-04-02,2026-04-02,ＨＩＫＡＲＩ　ＰＡＹ株式会社,,株式会社,東京都,新宿区,四谷４丁目２８番１５号慶和ビル７階,,13,104,1600004,,,,,,,2026-04-02,1,,,,,ヒカリペイ,0
1422,8011103017204,新規,0,2026-04-02,2026-04-02,合同会社Ｌｏｇｉｃ　Ｉｎｔｅｇｒａｔｅ　Ｕｎｉｖｅｒｓａｌ,,合同会社,東京都,新宿区,西新宿３丁目３番１３号西新宿水間ビル２Ｆ,,13,104,1600023,,,,,,,2026-04-02,1,,,,,ロジックインテグレートユニバーサル,0
1423,8011201027063,新規,0,2026-04-02,2026-04-02,株式会社Ｍｉｒａｖｏ,,株式会社,東京都,中野区,中央４丁目２番６－２０２号,,13,114,1640011,,,,,,,2026-04-02,1,,,,,ミラヴォ,0
1429,8011601029485,新規,0,2026-04-02,2026-04-02,磯部地所株式会社,,株式会社,東京都,練馬区,中村２丁目１４番４号,,13,120,1760024,,,,,,,2026-04-02,1,,,,,イソベジショ,0
1430,8011601029493,新規,0,2026-04-02,2026-04-02,株式会社リンク,,株式会社,東京都,練馬区,北町７丁目１５―７,,13,120,1790081,,,,,,,2026-04-02,1,,,,,リンク,0
1440,8012703003493,新規,0,2026-04-02,2026-04-02,合同会社Ｋ　ＬＵＸＥ　ＦＯＯＤ,,合同会社,東京都,東村山市,栄町１丁目１２番地１,,13,213,1890013,,,,,,,2026-04-02,1,,,,,ケイリュクスフード,0
1453,8030001171631,新規,0,2026-04-02,2026-04-02,株式会社ゴテンゴ,,株式会社,埼玉県,志木市,下宗岡３丁目３番１６号,,11,228,3530003,,,,,,,2026-04-02,1,,,,,ゴテンゴ,0
1454,8030001171722,新規,0,2026-04-02,2026-04-02,株式会社ＣｏＬａｂｏ,,株式会社,埼玉県,さいたま市南区,白幡４丁目１６番２号,,11,108,3360022,,,,,,,2026-04-02,1,,,,,コラボ,0
1455,8030001171763,新規,0,2026-04-02,2026-04-02,株式会社アライブクラフト,,株式会社,埼玉県,さいたま市緑区,原山１丁目１７番１９号,,11,109,3360931,,,,,,,2026-04-02,1,,,,,アライブクラフト,0
1456,8030002125776,新規,0,2026-04-02,2026-04-02,有限会社岡野木工所,,有限会社,埼玉県,比企郡ときがわ町,大字桃木３２１番地の３,,11,349,3550361,,,,,,,2026-04-02,1,,,,,オカノモッコウジョ,0
1457,8030003028937,新規,0,2026-04-02,2026-04-02,長和合同会社,,合同会社,埼玉県,川口市,大字芝３９２１番地の２２,,11,203,3330866,,,,,,,2026-04-02,1,,,,,チョウワ,0
1464,8050003010042,新規,0,2026-04-02,2026-04-02,合同会社ＡＣＥ,,合同会社,茨城県,龍ケ崎市,佐貫町１１１９番地４ハイツダイワ１０４号室,,08,208,3010033,,,,,,,2026-04-02,1,,,,,エース,0
1467,8070001043934,新規,0,2026-04-02,2026-04-02,トネクリーンシステム株式会社,,株式会社,群馬県,邑楽郡大泉町,西小泉２丁目３番１７号,,10,524,3700517,,,,,,,2026-04-02,1,,,,,トネクリーンシステム,0
1469,8110001040019,新規,0,2026-04-02,2026-04-02,ＥＣＨＩＧＯ　ＭＩＣＲＯＢＥＳ株式会社,,株式会社,新潟県,長岡市,上富岡町１６０３番地１国立大学法人長岡技術科学大学内,,15,202,9402137,,,,,,,2026-04-02,1,,,,,エチゴマイクローブズ,0
1472,8110003006109,新規,0,2026-04-02,2026-04-02,合同会社こめラボ,,合同会社,新潟県,岩船郡関川村,大字上関２００番地２,,15,581,9593264,,,,,,,2026-04-02,1,,,,,コメラボ,0
1473,8110003006117,新規,0,2026-04-02,2026-04-02,ＯＮＣＪＡＰＡＮ合同会社,,合同会社,新潟県,上越市,大潟区潟田９３０番地,,15,222,9493121,,,,,,,2026-04-02,1,,,,,オーエヌシージャパン,0
1480,8120001285298,新規,0,2026-04-02,2026-04-02,株式会社ＥＬＬＥ,,株式会社,大阪府,大阪市鶴見区,安田３丁目１１－４３,,27,124,5380032,,,,,,,2026-04-02,1,,,,,エル,0
1484,8120003032260,新規,0,2026-04-02,2026-04-02,合同会社キャリアナビゲート,,合同会社,大阪府,大阪市北区,西天満３丁目５－１和田伊ビル３０１,,27,127,5300047,,,,,,,2026-04-02,1,,,,,キャリアナビゲート,0
1485,8120003032285,新規,0,2026-04-02,2026-04-02,合同会社花星,,合同会社,大阪府,大阪市平野区,加美正覚寺４丁目７番５９号秀和シティーハイツ２Ｃ号室,,27,126,5470006,,,,,,,2026-04-02,1,,,,,カセイ,0
1500,8130003011288,新規,0,2026-04-02,2026-04-02,合同会社Ｇｒｅｅｎ　ＪＡＭ,,合同会社,京都府,京都市北区,西賀茂柿ノ木町１０４－７,,26,101,6038821,,,,,,,2026-04-02,1,,,,,グリーンジャム,0
1504,8140003023324,新規,0,2026-04-02,2026-04-02,合同会社ＱＬＵＭＥ,,合同会社,兵庫県,神戸市中央区,磯辺通１丁目１番１８号カサベラ国際プラザビル７０７号室,,28,110,6510084,,,,,,,2026-04-02,1,,,,,クルム,0
1505,8140005027868,新規,0,2026-04-02,2026-04-02,特定非営利活動法人ＬＧＢＴＱユースサポート・プライドプロジェクト,,その他の設立登記法人,兵庫県,西宮市,羽衣町７－３０夙川グリーンタウン３階,,28,204,6620051,,,,,,,2026-04-02,1,,,,,エルジービーティーキューユースサポートプライドプロジェクト,0
1507,8150001028844,新規,0,2026-04-02,2026-04-02,現場コンディショニング株式会社,,株式会社,奈良県,奈良市,鶴舞西町２番２２号ｆｕｎ１Ｆ,,29,201,6310022,,,,,,,2026-04-02,1,,,,,ゲンバコンディショニング,0
1514,8180001171344,新規,0,2026-04-02,2026-04-02,ＡＩＲＢＲＩＤＧＥ株式会社,,株式会社,愛知県,名古屋市北区,元志賀町２丁目１番地の３Ｃ－１号,,23,103,4620044,,,,,,,2026-04-02,1,,,,,エアブリッジ,0
1515,8180001171369,新規,0,2026-04-02,2026-04-02,Ｏｌｅａｓ株式会社,,株式会社,愛知県,名古屋市瑞穂区,田辺通１丁目７番地,,23,108,4670027,,,,,,,2026-04-02,1,,,,,オレアス,0
1516,8180001171402,新規,0,2026-04-02,2026-04-02,Ａ‐ＬＩＮＫ株式会社,,株式会社,愛知県,一宮市,三ツ井４丁目３番２９号,,23,203,4910827,,,,,,,2026-04-02,1,,,,,エーリンク,0
1519,8180003029978,新規,0,2026-04-02,2026-04-02,合同会社アドバンスワン,,合同会社,愛知県,豊明市,沓掛町切山台２番地,,23,229,4701101,,,,,,,2026-04-02,1,,,,,アドバンスワン,0
1520,8180301040843,新規,0,2026-04-02,2026-04-02,株式会社鶯,,株式会社,愛知県,豊川市,大崎町下金居場１９２番地,,23,207,4420007,,,,,,,2026-04-02,1,,,,,ウグイス,0
1528,8200001044877,新規,0,2026-04-02,2026-04-02,株式会社ザイシア,,株式会社,岐阜県,岐阜市,薮田南３丁目７番２０号,,21,201,5008384,,,,,,,2026-04-02,1,,,,,ザイシア,0
1529,8200003007279,新規,0,2026-04-02,2026-04-02,合同会社クラフト・スチール,,合同会社,岐阜県,羽島市,福寿町平方３丁目４６番地,,21,209,5016257,,,,,,,2026-04-02,1,,,,,クラフトスチール,0
1531,8220001027269,新規,0,2026-04-02,2026-04-02,株式会社マリンヴィレッジ金沢,,株式会社,石川県,金沢市,堀川町２２番５号,,17,201,9200847,,,,,,,2026-04-02,1,,,,,マリンヴィレッジカナザワ,0
1545,8290001113673,新規,0,2026-04-02,2026-04-02,Ｇｒａｎｚ株式会社,,株式会社,福岡県,福岡市東区,三苫１丁目３番１７号,,40,131,8110201,,,,,,,2026-04-02,1,,,,,グランツ,0
1548,8300001014564,新規,0,2026-04-02,2026-04-02,株式会社ＲＥＸＩＡ,,株式会社,佐賀県,佐賀市,兵庫南４丁目２０番２９号,,41,201,8490918,,,,,,,2026-04-02,1,,,,,レクシア,0
1555,8340001028081,新規,0,2026-04-02,2026-04-02,スマイルヒーロー株式会社,,株式会社,鹿児島県,鹿児島市,清水町９番６号,,46,201,8920802,,,,,,,2026-04-02,1,,,,,スマイルヒーロー,0
1564,8370003007519,新規,0,2026-04-02,2026-04-02,プレリュード平成エステート合同会社,,合同会社,宮城県,仙台市青葉区,荒巻本沢２丁目３－１－７０５号,,04,101,9810966,,,,,,,2026-04-02,1,,,,,プレリュードヘイセイエステート,0
1566,8390001018318,新規,0,2026-04-02,2026-04-02,株式会社荒木社,,株式会社,山形県,西村山郡河北町,谷地中央５丁目５番地の８,,06,321,9993512,,,,,,,2026-04-02,1,,,,,アラキシャ,0
1574,8430001096565,新規,0,2026-04-02,2026-04-02,株式会社ＳＩＧＮＡＬ,,株式会社,北海道,札幌市中央区,南五条西４丁目２番地１ＮＳ５４ビル,,01,101,0640805,,,,,,,2026-04-02,1,,,,,シグナル,0
1575,8430001096573,新規,0,2026-04-02,2026-04-02,Ｔｈｅ　ＳＪ株式会社,,株式会社,北海道,札幌市豊平区,福住一条２丁目５番１－１０７号,,01,105,0620041,,,,,,,2026-04-02,1,,,,,ザエスジェイ,0
1585,8430003018740,新規,0,2026-04-02,2026-04-02,大地合同会社,,合同会社,北海道,札幌市西区,宮の沢三条５丁目１１番１５号しまふく寮,,01,107,0630053,,,,,,,2026-04-02,1,,,,,オオチ,0
1586,8430003018773,新規,0,2026-04-02,2026-04-02,合同会社野菜倶楽部,,合同会社,北海道,伊達市,大滝区優徳町７７番地２０,,01,233,0520317,,,,,,,2026-04-02,1,,,,,ヤサイクラブ,0
1590,8450003002800,新規,0,2026-04-02,2026-04-02,合同会社ＲＡＳ,,合同会社,北海道,旭川市,春光台二条２丁目１番６号,,01,204,0718142,,,,,,,2026-04-02,1,,,,,ラス,0
1591,8470001021180,新規,0,2026-04-02,2026-04-02,株式会社Ｗ　ＭａＫｅ,,株式会社,香川県,高松市,伏石町２０４６番地１,,37,201,7618071,,,,,,,2026-04-02,1,,,,,ダブルメイク,0
1597,8700150135047,新規,0,2026-04-02,2026-04-02,ＣＳＳ　Ｉｎｖｅｓｔｍｅｎｔｓ　Ｌｉｍｉｔｅｄ,,外国会社等,,,,,,,,９／Ｆ，Ａｍｔｅｌ　Ｂｕｉｌｄｉｎｇ，１４８　Ｄｅｓ　Ｖｏｅｕｘ　Ｒｏａｄ　Ｃｅｎｔｒａｌ，Ｃｅｎｔｒａｌ，Ｈｏｎｇ　Ｋｏｎｇ,,,,,,2026-04-02,1,,,,,シーエスエスインベストメンツリミテツド,0
1598,8700150135055,新規,0,2026-04-02,2026-04-02,Ｓｈｅｎｚｈｅｎ　Ｈｏｔｓｉｎ　Ｃａｒｇｏ　Ｉｎｔ’ｌ　Ｆｏｒｗａｒｄｉｎｇ　Ｃｏ．，Ｌｔｄ,,外国会社等,,,,,,,,３Ｆ　Ｎｏ．６０２２，Ｂａｏ’ａｎ　Ａｖｅｎｕｅ，Ｘｉｎｇｗｅｉ　Ｃｏｍｍｕｎｉｔｙ，Ｆｏｙｏｎｇ　Ｓｕｂｄｉｓｔｒｉｃｔ，Ｂａｏ’ａｎ　Ｄｉｓｔｒｉｃｔ，Ｓｈｅｎｚｈｅｎ　Ｃｉｔｙ,,,,,,2026-04-02,1,,,,,シンセンホツシンカーゴインターナシヨナルフオワーデイング,0
1606,9010001264056,新規,0,2026-04-02,2026-04-02,ＴＣＧ２６０２株式会社,,株式会社,東京都,千代田区,丸の内１丁目５番１号,,13,101,1000005,,,,,,,2026-04-02,1,,,,,ティーシージーニーロクゼロニー,0
1607,9010001264155,新規,0,2026-04-02,2026-04-02,株式会社中和,,株式会社,東京都,千代田区,麹町１丁目６－９ＤＩＫ麹町ビル８０３号室,,13,101,1020083,,,,,,,2026-04-02,1,,,,,チュウワ,0
1609,9010003050909,新規,0,2026-04-02,2026-04-02,合同会社Ｚｅｎ　Ｅｖｏｌｕｔｉｏｎ　Ｎｅｔｗｏｒｋ,,合同会社,東京都,中央区,日本橋茅場町１丁目９－２稲村ビル２Ｆ,,13,102,1030025,,,,,,,2026-04-02,1,,,,,ゼンエボリューションネットワーク,0
1616,9010401197533,新規,0,2026-04-02,2026-04-02,ウィズセキュアクラウドプロテクション株式会社,,株式会社,東京都,港区,新橋２丁目２番９号ＫＤＸ新橋ビル２階,,13,103,1050004,,,,,,,2026-04-02,1,,,,,ウィズセキュアクラウドプロテクション,0
1619,9010601069004,新規,0,2026-04-02,2026-04-02,Ａｓｓｉｓｔ　ＡＩ株式会社,,株式会社,東京都,墨田区,太平１丁目１０番１２－１０１号,,13,107,1300012,,,,,,,2026-04-02,1,,,,,アシストエーアイ,0
1620,9010603012168,新規,0,2026-04-02,2026-04-02,合同会社こいけや装飾倶楽部,,合同会社,東京都,江東区,清澄２丁目７－８,,13,108,1350024,,,,,,,2026-04-02,1,,,,,コイケヤソウショククラブ,0
1622,9010901059290,新規,0,2026-04-02,2026-04-02,ＮＥＬＵ株式会社,,株式会社,東京都,世田谷区,奥沢５丁目４１－５－３０５,,13,112,1580083,,,,,,,2026-04-02,1,,,,,ネル,0
1627,9011001176118,新規,0,2026-04-02,2026-04-02,Ｓｅｉｎ株式会社,,株式会社,東京都,目黒区,目黒本町６丁目１２－３,,13,110,1520002,,,,,,,2026-04-02,1,,,,,ザイン,0
1628,9011001176472,新規,0,2026-04-02,2026-04-02,株式会社ＺＡＩＮＯ,,株式会社,東京都,渋谷区,道玄坂１丁目１０番８号渋谷道玄坂東急ビル２Ｆ－Ｃ,,13,113,1500043,,,,,,,2026-04-02,1,,,,,ザイノ,0
1629,9011001176480,新規,0,2026-04-02,2026-04-02,株式会社ＴｅａｍＣｏｒｅ,,株式会社,東京都,渋谷区,渋谷３丁目１６－３第一ミネギシビル９階,,13,113,1500002,,,,,,,2026-04-02,1,,,,,チームコア,0
1630,9011003023895,新規,0,2026-04-02,2026-04-02,合同会社Ｌｕｍｉｎｏｕｓ　Ｉｎｎｏｖａｔｉｏｎ　Ｕｎｉｔｅｄ,,合同会社,東京都,渋谷区,道玄坂１丁目１０番８号渋谷道玄坂東急ビル２Ｆ－Ｃ,,13,113,1500043,,,,,,,2026-04-02,1,,,,,ルミナスイノベーションユナイテッド,0
1631,9011003023904,新規,0,2026-04-02,2026-04-02,ａｎｄ　ｔａｋｅｍｏｔｏ合同会社,,合同会社,東京都,渋谷区,恵比寿西２丁目８－４ＥＸ恵比寿西ビル５階,,13,113,1500021,,,,,,,2026-04-02,1,,,,,アンドタケモト,0
1634,9011101115272,新規,0,2026-04-02,2026-04-02,株式会社Ｐｏｔｅｎｔ,,株式会社,東京都,新宿区,西新宿６丁目５－１新宿アイランドタワー２７Ｆ,,13,104,1600023,,,,,,,2026-04-02,1,,,,,ポテント,0
1636,9011301031385,新規,0,2026-04-02,2026-04-02,株式会社ｓｉｄｅｗａｒｄ８,,株式会社,東京都,杉並区,上荻２丁目９番１２号,,13,115,1670043,,,,,,,2026-04-02,1,,,,,サイドワードエイト,0
1652,9020001167836,新規,0,2026-04-02,2026-04-02,株式会社蒼伝舎,,株式会社,神奈川県,川崎市川崎区,京町１丁目１４－１－３２８,,14,131,2100848,,,,,,,2026-04-02,1,,,,,アオデンシャ,0
1653,9020003030703,新規,0,2026-04-02,2026-04-02,合同会社ある,,合同会社,神奈川県,横浜市中区,元町４丁目１６８番地ＢＩＺｃｏｍｆｏｒｔ元町ビルＢ１Ｆ,,14,104,2310861,,,,,,,2026-04-02,1,,,,,アル,0
1656,9021003017319,新規,0,2026-04-02,2026-04-02,合同会社Ｔｈｅ　Ｈｏｕｓｅ　ＫＡＭＡＫＵＲＡ,,合同会社,神奈川県,鎌倉市,七里ガ浜東２丁目２０番５号,,14,204,2480025,,,,,,,2026-04-02,1,,,,,ザハウスカマクラ,0
1663,9030001171688,新規,0,2026-04-02,2026-04-02,株式会社そなゆめ,,株式会社,埼玉県,さいたま市南区,南浦和３丁目４８番１５棟６０６号,,11,108,3360017,,,,,,,2026-04-02,1,,,,,ソナユメ,0
1669,9040005023091,新規,0,2026-04-02,2026-04-02,一般社団法人ＫＴＮ　Ｓｐｏｒｔｓ　Ａｃａｄｅｍｙ,,その他の設立登記法人,千葉県,成田市,並木町２１９番地１９７ＤｅａｒＣｏｕｒｔ３０１,,12,211,2860045,,,,,,,2026-04-02,1,,,,,ケーティーエヌスポーツアカデミー,0
1670,9050001058198,新規,0,2026-04-02,2026-04-02,株式会社いちご保育園,,株式会社,茨城県,笠間市,笠間１４９９番地１０,,08,216,3091611,,,,,,,2026-04-02,1,,,,,イチゴホイクエン,0
1675,9090001019824,新規,0,2026-04-02,2026-04-02,株式会社アシュリオン,,株式会社,山梨県,甲府市,池田１丁目１１番４９号の３,,19,201,4000062,,,,,,,2026-04-02,1,,,,,アシュリオン,0
1677,9110003006116,新規,0,2026-04-02,2026-04-02,合同会社Ｐｅａｃｅ　ｏｆ　Ｍｉｎｄ,,合同会社,新潟県,上越市,大字上中田１００４番地３４,,15,222,9430884,,,,,,,2026-04-02,1,,,,,ピースオブマインド,0
1683,9120001285330,新規,0,2026-04-02,2026-04-02,株式会社ＢＵＹ　ＮＯＷ,,株式会社,大阪府,大阪市浪速区,元町２丁目８番２５号クリエーション元町第２ビル２Ｆ,,27,111,5560016,,,,,,,2026-04-02,1,,,,,バイナウ,0
1684,9120005025484,新規,0,2026-04-02,2026-04-02,一般社団法人燈Ｌａｂ,,その他の設立登記法人,大阪府,大阪市天王寺区,空清町７番１７号藤本ビル３０２号,,27,109,5430018,,,,,,,2026-04-02,1,,,,,トモシビラボ,0
1694,9160001027530,新規,0,2026-04-02,2026-04-02,株式会社ＥｎｈａｎＸ,,株式会社,滋賀県,草津市,野路東１丁目１－１立命館大学グラスルーツイノベーションセンター,,25,206,5250058,,,,,,,2026-04-02,1,,,,,エンハンク,0
1702,9180001171351,新規,0,2026-04-02,2026-04-02,株式会社Ｂｌｅｓｓ　Ｏｎｅ,,株式会社,愛知県,常滑市,多屋町５丁目１１番地,,23,216,4790839,,,,,,,2026-04-02,1,,,,,ブレスワン,0
1703,9180001171376,新規,0,2026-04-02,2026-04-02,株式会社ＮＭＣＯ,,株式会社,愛知県,名古屋市瑞穂区,川澄町２丁目５番地,,23,108,4670002,,,,,,,2026-04-02,1,,,,,ナムコ,0
1708,9180003029993,新規,0,2026-04-02,2026-04-02,合同会社よつば,,合同会社,愛知県,名古屋市中区,錦２丁目１５－２２名古屋伏見Ｋフロンティア９Ｆ,,23,106,4600003,,,,,,,2026-04-02,1,,,,,ヨツバ,0
1709,9180003030010,新規,0,2026-04-02,2026-04-02,Ｇｒｉｔ　Ｃｒａｆｔ合同会社,,合同会社,愛知県,名古屋市南区,鯛取通３丁目１６‐９０１,,23,112,4570031,,,,,,,2026-04-02,1,,,,,グリットクラフト,0
1711,9180303006940,新規,0,2026-04-02,2026-04-02,合同会社ＴＮ,,合同会社,愛知県,岡崎市,連尺通２丁目１７番地,,23,202,4440046,,,,,,,2026-04-02,1,,,,,ティーエヌ,0
1714,9200003007278,新規,0,2026-04-02,2026-04-02,合同会社ＥＣＨＯ,,合同会社,岐阜県,羽島市,堀津町須賀南１丁目１７番地２,,21,209,5016335,,,,,,,2026-04-02,1,,,,,エコー,0
1724,9230001021352,新規,0,2026-04-02,2026-04-02,株式会社華福亭,,株式会社,富山県,富山市,五福２３２５番地１,,16,201,9300887,,,,,,,2026-04-02,1,,,,,カフクテイ,0
1725,9230005009534,新規,0,2026-04-02,2026-04-02,特定非営利活動法人巧,,その他の設立登記法人,富山県,富山市,太田字住吉割２１３番地２,,16,201,9398048,,,,,,,2026-04-02,1,,,,,タクミ,0
1727,9240001066339,新規,0,2026-04-02,2026-04-02,株式会社ルミナ・ビジョンパートナー,,株式会社,広島県,広島市南区,仁保２丁目１０番１９号,,34,103,7340026,,,,,,,2026-04-02,1,,,,,ルミナビジョンパートナー,0
1728,9240003007662,新規,0,2026-04-02,2026-04-02,合同会社ＨＯＲＩＴＡ,,合同会社,広島県,三原市,糸崎２丁目５－１－Ａ３０１,,34,204,7290324,,,,,,,2026-04-02,1,,,,,ホリタ,0
1735,9290003018242,新規,0,2026-04-02,2026-04-02,合同会社総合教育センター,,合同会社,福岡県,福岡市博多区,千代４丁目１０番２５号,,40,132,8120044,,,,,,,2026-04-02,1,,,,,ソウゴウキョウイクセンター,0
1737,9320001021665,新規,0,2026-04-02,2026-04-02,株式会社グッドジョブカンパニーズ,,株式会社,大分県,中津市,大字万田２３５番地７,,44,203,8710025,,,,,,,2026-04-02,1,,,,,グッドジョブカンパニーズ,0
1738,9330001034113,新規,0,2026-04-02,2026-04-02,Ｌａ　ｍｅｌｉｎ　ｂｅａｕｔｅ株式会社,,株式会社,熊本県,菊池市,泗水町福本９２５番地１２ロイヤルステージ２０２,,43,210,8611205,,,,,,,2026-04-02,1,,,,,ラメランボーテ,0
1740,9360001036585,新規,0,2026-04-02,2026-04-02,株式会社しなぷす企画,,株式会社,沖縄県,国頭郡金武町,字屋嘉２９３５番地５９,,47,314,9041203,,,,,,,2026-04-02,1,,,,,シナプスキカク,0
1741,9370001053621,新規,0,2026-04-02,2026-04-02,株式会社ＯＧＫオートパーツ,,株式会社,宮城県,仙台市太白区,八木山本町１丁目２５番地の３,,04,104,9820801,,,,,,,2026-04-02,1,,,,,オージーケーオートパーツ,0
1743,9370003007526,新規,0,2026-04-02,2026-04-02,マインスタンド合同会社,,合同会社,宮城県,仙台市青葉区,中央２丁目１１－１９仙南ビル４階－Ａ,,04,101,9800021,,,,,,,2026-04-02,1,,,,,マインスタンド,0
1744,9370003007534,新規,0,2026-04-02,2026-04-02,合同会社ｅｎｔａ,,合同会社,宮城県,仙台市太白区,富沢２丁目１９番１２号,,04,104,9820032,,,,,,,2026-04-02,1,,,,,エンタ,0
1745,9370005011088,新規,0,2026-04-02,2026-04-02,一般社団法人仙台Ｎ美容クリニック,,その他の設立登記法人,宮城県,仙台市青葉区,中央３丁目１番２１号,,04,101,9800021,,,,,,,2026-04-02,1,,,,,センダイエヌビヨウクリニック,0
1746,9390001018317,新規,0,2026-04-02,2026-04-02,株式会社ＡＲＫＴＹ,,株式会社,山形県,山形市,嶋南１丁目２番１０号,,06,201,9900886,,,,,,,2026-04-02,1,,,,,アークティ,0
1747,9400001017374,新規,0,2026-04-02,2026-04-02,株式会社大志建匠,,株式会社,岩手県,滝沢市,土沢４９４番地２,,03,216,0200638,,,,,,,2026-04-02,1,,,,,ダイシケンショウ,0
1753,9430001096572,新規,0,2026-04-02,2026-04-02,ジャパン通商ＨＤ株式会社,,株式会社,北海道,札幌市豊平区,月寒東四条１６丁目１４番２２号,,01,105,0620054,,,,,,,2026-04-02,1,,,,,ジャパンツウショウホールディングス,0
1761,9430003018772,新規,0,2026-04-02,2026-04-02,合同会社中華なおちゃん,,合同会社,北海道,千歳市,里美２丁目２－５,,01,224,0660055,,,,,,,2026-04-02,1,,,,,チュウカナオチャン,0
1764,9430005015454,新規,0,2026-04-02,2026-04-02,一般社団法人Ｓ‐ＬＡＢ　ＨＯＫＫＡＩＤＯ,,その他の設立登記法人,北海道,札幌市東区,北四十七条東２丁目２番２０号,,01,103,0070847,,,,,,,2026-04-02,1,,,,,エスラボホッカイドウ,0
1765,9440003001769,新規,0,2026-04-02,2026-04-02,合同会社ファトマ幸来ホールディングス,,合同会社,北海道,山越郡長万部町,字長万部２８２番地４号,,01,347,0493521,,,,,,,2026-04-02,1,,,,,ファトマコウライホールディングス,0
1766,9480001013127,新規,0,2026-04-02,2026-04-02,株式会社ＩＫＥＤＵＫＩ,,株式会社,徳島県,美馬市,脇町大字脇町字大堀７６１番地の４,,36,207,7793610,,,,,,,2026-04-02,1,,,,,イケヅキ,0
1769,9500005008863,新規,0,2026-04-02,2026-04-02,一般社団法人愛歌,,その他の設立登記法人,愛媛県,松山市,太山寺町２３１６番地４,,38,201,7992662,,,,,,,2026-04-02,1,,,,,アイウタ,0
1772,9700150135046,新規,0,2026-04-02,2026-04-02,Ｈａｉｎａｎ　Ｈｕｉｔｏｎｇ　Ｅｎｔｅｒｐｒｉｓｅ,,外国会社等,,,,,,,,Ｇｕｏｍａｏ　Ｒｏａｄ，Ｊｉｎｍａｏ　Ｓｕｂ－ｄｉｓｔｒｉｃｔ，Ｌｏｎｇｈｕａ　Ｄｉｓｔｒｉｃｔ，Ｈａｉｋｏｕ　Ｃｉｔｙ，Ｈａｉｎａｎ，Ｃｈｉｎａ,,,,,,2026-04-02,1,,,,,ハイナンフイトンエンタープライズマネジメントカンパニーリミテツド,0
1773,9700150135054,新規,0,2026-04-02,2026-04-02,Ｂｏｏｋｉｎｇ．ｃｏｍ　Ｂ．Ｖ．,,外国会社等,,,,,,,,Ｏｏｓｔｅｒｄｏｋｓｋａｄｅ　１６３，１０１１　ＤＬ，Ａｍｓｔｅｒｄａｍ，Ｎｅｔｈｅｒｌａｎｄｓ,,,,,,2026-04-02,1,,,,,ブツキングドツトコムビーブイ,0
